33776832
33776267
33776068
33775977
33775715
33775649
33775463
33775306
33775215
33775138
33775106
33775085
33775000
33774957
33774933
33774906
33774734
33774639
33774594
33774455
33774433
33774107
33774067
33773909
33773837
33773764
33773696
33773620
33773501
33773406
33773312
33773279
33773168
33773084
33773039
33772950
33772939
33772747
33772687
33772672
33772616
33772545
33772513
33772436
33772423
33772399
33772374
33772331
33772234
33772205
33772036
33771995
33771955
33771905
33771869
33771842
33771737
33771649
33771584
33771437
33771301
33771227
33771046
33770836
33770712
33770632
33770587
33770503
33770338
33770299
33770122
33770058
33769898
33769844
33769800
33769622
33769566
33769531
33769476
33769410
33769350
33769260
33769241
33769128
33769055
33769039
33768931
33768918
33768895
33768830
33768818
33768718
33768607
33768463
33768298
33768253
33768156
33768137
33768023
33767936
33767900
33767747
33767702
33767678
33767648
33767618
33767568
33767506
33767350
33767297
33767216
33767024
33766960
33766910
33766828
33766768
33766694
33766622
33766558
33766516
33766487
33766467
33766449
33766242
33766172
33766006
33765911
33765831
33765710
33765545
33765455
33765236
33765154
33765136
33765043
33764902
33764886
33764812
33764796
33764675
33764576
33764526
33764046
33763948
33763898
33763800
33763677
33763652
33763624
33763463
33763315
33763232
33763139
33763031
33762832
33762718
33762678
33762574
33762509
33762478
33762312
33762170
33762130
33762095
33762024
33761876
33761863
33761793
33761664
33761575
33761442
33760817
33760075
33758611
33757105
33756417
33756347
33756060
33755957
33755769
33755544
33755508
33755455
33755367
33755329
33755305
33755135
33755019
33754904
33754760
33754597
33754471
33754354
33754109
33754015
33753939
33753813
33753762
33753691
33753678
33753568
33753433
33753316
33753149
33753029
33752948
33752907
33752801
33752708
33752542
33752330
33752273
33752195
33751995
33751705
33751645
33751620
33751528
33751475
33751403
33751269
33751247
33751178
33751156
33751033
33750937
33750845
33750795
33750724
33750659
33750569
33750372
33750329
33750312
33750268
33750070
33749973
33749861
33749822
33749773
33749727
33749585
33749503
33749464
33749377
33749329
33749191
33749045
33748973
33748879
33748808
33748775
33748654
33748562
33748527
33748475
33748353
33748343
33748255
33748127
33748073
33748037
33747901
33747579
33747440
33747329
33747315
33747297
33747233
33747133
33747077
33746977
33746890
33746742
33746657
33746532
33746438
33746262
33745907
33745869
33745730
33745635
33745601
33745580
33745417
33745344
33745271
33745190
33745116
33745006
33744943
33744887
33744389
33744290
33744205
33744165
33744104
33744002
33743916
33743819
33743806
33743661
33743442
33743396
33743316
33743232
33743110
33743014
33742871
33742815
33742788
33742708
33742585
33742522
33742465
33742397
33742321
33742268
33742178
33742073
33741999
33741981
33741837
33741754
33741654
33741540
33741477
33741459
33741400
33741271
33741245
33741181
33741111
33741091
33741008
33740985
33740884
33740855
33740773
33740699
33740669
33740504
33740413
33740346
33740314
33740231
33740099
33740084
33740011
33739896
33739884
33739863
33739753
33739706
33739620
33739523
33739456
33739359
33739323
33739312
33739144
33739037
33738804
33738657
33738566
33738494
33738475
33738450
33738236
33738179
33738088
33738057
33737940
33737888
33737855
33737766
33737742
33737626
33737568
33737540
33737441
33737385
33737300
33737230
33737197
33737186
33737145
33737049
33736958
33736887
33736806
33736707
33736617
33736588
33736518
33736395
33736300
33736287
33736094
33735808
33735732
33735566
33735477
33735317
33735231
33735151
33735104
33734999
33734901
33734769
33734651
33734553
33734534
33734413
33734357
33734278
33734134
33734044
33733958
33733943
33733887
33733806
33733749
33733646
33733614
33733504
33733419
33733390
33733378
33733323
33733137
33733027
33732927
33732828
33732772
33732722
33732603
33732584
33732484
33732410
33732398
33732266
33732222
33731945
33731757
33731566
33731469
33731227
33731085
33730986
33730815
33730722
33730587
33730562
33730391
33730325
33730271
33730190
33730174
33730090
33730016
33729930
33729751
33729552
33729515
33729438
33729249
33729173
33729111
33728588
33728451
33728315
33728183
33728088
33728045
33727898
33727825
33727690
33727580
33727537
33727457
33727357
33727168
33727035
33726989
33726808
33726777
33726762
33726614
33726532
33726421
33726295
33726167
33725992
33725912
33725838
33725742
33725673
33725490
33725315
33725096
33725026
33724958
33724935
33724898
33724887
33724839
33724736
33724723
33724707
33724497
33724462
33724370
33724270
33724137
33724058
33724012
33723996
33723904
33723886
33723749
33723654
33723561
33723547
33723428
33723332
33723239
33723155
33723130
33722922
33722833
33722745
33722616
33722511
33722441
33722347
33722334
33722075
33721912
33721709
33721633
33721548
33721425
33721341
33721281
33721178
33721121
33721071
33720914
33720860
33720779
33720712
33720650
33720639
33720506
33720440
33720405
33720368
33720274
33720257
33720191
33720113
33720032
33719933
33719904
33719854
33719817
33719619
33719448
33719327
33719162
33719126
33719047
33719015
33718958
33718901
33718873
33718833
33718823
33718725
33718685
33718674
33718635
33718599
33718550
33718486
33718467
33718439
33718416
33718341
33718278
33718179
33718113
33718102
33718025
33717600
33717063
33716906
33716836
33715910
33715732
33715337
33715097
33715053
33714969
33713918
33713841
33713754
33713660
33713438
33713244
33713195
33713185
33713165
33713152
33713078
33713054
33712941
33712927
33712884
33712723
33712685
33712417
33712397
33712227
33712157
33712011
33711922
33711848
33711735
33711662
33711509
33711422
33711289
33711229
33711032
33710962
33710815
33710723
33710696
33710532
33710185
33710059
33709994
33709660
33709553
33709398
33709342
33709270
33709166
33709108
33709058
33708908
33708862
33708795
33708569
33708508
33708421
33708342
33708196
33707952
33707764
33707639
33707570
33707555
33707514
33707267
33706714
33706622
33706543
33706440
33706322
33706227
33706132
33706108
33705990
33705979
33705856
33705777
33705613
33705556
33705445
33705170
33705027
33704913
33704898
33704760
33704641
33704525
33704374
33704281
33704269
33704231
33704110
33704070
33703942
33702992
33702949
33702823
33702553
33702293
33702070
33701950
33701850
33701740
33701536
33701374
33701325
33701150
33701020
33700719
33700607
33700318
33700156
33699987
33699844
33699676
33699403
33699332
33699199
33699149
33699116
33698987
33698955
33698794
33698672
33698475
33698386
33698272
33698262
33698066
33698023
33697859
33697752
33697564
33697554
33697361
33697153
33697057
33696974
33696729
33696635
33696556
33696423
33696265
33695302
33695137
33694975
33694909
33694738
33694532
33694411
33694350
33694188
33694014
33693948
33693622
33693564
33693296
33693174
33693134
33692893
33692803
33692657
33692567
33692502
33692389
33692297
33692097
33691950
33691906
33691880
33691739
33691662
33691590
33691159
33691020
33690868
33690652
33690544
33690280
33690192
33690130
33690079
33689990
33689933
33689880
33689719
33689572
33689416
33689301
33689142
33689095
33688963
33688731
33688453
33688268
33687976
33687892
33687795
33687572
33687414
33687304
33687244
33687227
33687129
33687021
33686970
33686914
33686868
33686788
33686714
33686562
33686505
33686413
33686244
33686136
33685956
33685898
33685685
33685419
33685193
33685119
33685092
33685077
33684901
33684616
33684471
33684417
33684234
33684140
33684125
33683980
33683884
33683782
33683595
33683452
33683404
33683226
33683088
33682920
33682765
33682517
33682398
33682274
33682033
33681894
33681606
33681583
33681524
33681457
33681287
33681192
33680921
33680834
33680724
33680440
33680318
33680173
33680039
33679989
33679881
33679864
33679802
33679704
33679592
33679431
33679240
33679170
33679075
33678888
33678856
33678716
33678576
33678434
33678415
33678339
33678271
33678235
33678036
33677993
33677821
33677807
33677565
33677454
33677420
33676968
33676810
33676544
33676383
33676241
33676079
33675993
33675810
33675512
33674964
33674745
33674708
33674637
33674583
33674349
33674307
33674216
33674118
33674019
33673858
33673686
33673643
33673502
33673443
33673383
33673319
33673232
33673102
33673016
33672982
33672497
33672413
33672345
33672282
33672010
33671933
33671804
33671695
33671491
33671452
33671330
33671170
33671023
33670977
33670834
33670771
33670689
33670537
33670442
33670344
33670269
33670215
33670159
33669010
33668656
33667055
33665368
33665308
33664803
33664566
33664245
33664235
33663827
33662954
33662866
33662746
33662658
33662561
33662354
33662170
33662072
33661919
33661813
33661794
33661769
33661637
33661626
33661528
33661388
33661150
33661030
33661018
33660927
33660835
33660725
33660692
33660528
33660499
33660275
33660227
33660176
33660090
33659990
33659900
33659693
33659535
33659414
33659386
33659281
33659216
33659079
33659021
33658950
33658832
33658763
33658711
33658517
33658449
33658410
33658354
33658197
33658077
33657999
33657911
33657841
33657829
33657634
33657537
33657321
33657216
33657159
33657064
33657034
33656955
33656759
33656710
33656544
33656458
33656428
33656336
33656121
33655658
33655592
33655493
33655477
33655321
33654598
33654385
33654334
33654147
33654041
33653913
33653812
33653604
33653536
33653316
33653155
33653059
33653011
33652896
33652833
33652570
33652494
33652244
33652114
33651969
33651957
33651832
33651610
33651499
33651365
33651237
33651069
33651003
33650929
33650805
33650756
33650711
33650542
33650442
33650230
33650066
33649981
33649768
33649625
33649586
33649562
33649478
33649407
33649364
33649282
33649095
33648919
33648850
33648828
33648785
33648719
33648645
33648515
33648423
33648355
33648273
33648174
33648040
33647956
33647887
33647769
33647536
33647486
33647283
33647194
33647088
33646255
33646189
33645859
33645763
33645597
33645480
33645354
33645262
33645172
33645019
33644848
33644583
33644429
33644311
33644212
33644125
33644085
33643802
33643702
33643545
33643249
33642846
33642814
33642682
33642646
33642456
33642122
33641940
33641754
33641582
33641310
33640092
33639604
33639494
33638844
33638786
33638335
33638271
33638261
33638199
33638148
33638052
33637953
33637872
33637719
33637398
33637282
33637135
33636985
33636789
33636700
33636561
33636519
33636419
33636392
33636211
33636176
33636060
33635872
33635713
33635132
33635079
33633095
33632910
33631214
33630566
33630165
33629659
33629427
33627683
33622178
33622035
33621516
33621256
33621094
33620386
33618085
33617963
33617760
33614814
33614049
33611691
33611499
33611383
33609548
33609503
33606694
33605094
33604502
33603150
33602868
33601235
33600807
33599654
33596548
33596238
33592643
33590392
33590223
33589420
33588936
33586711
33586176
33585763
33585552
33585066
33584224
33584163
33584024
33580756
33580577
33578794
33577847
33576665
33574909
33574721
33574265
33573646
33573284
33572552
33572445
33572038
33571029
33570113
33568807
33568395
33567967
33567821
33567093
33566862
33565795
33565541
33565090
33564286
33564062
33563548
33562377
33558156
33557655
33555907
33554911
33553932
33553297
33551502
33551290
33551143
33550653
33550538
33550274
33549717
33547046
33545738
33544923
33544110
33543857
33542981
33541681
33539477
33539351
33539253
33533407
33531945
33530179
33527725
33527276
33523448
33523088
33522535
33521548
33521228
33519765
33518845
33518760
33518568
33516531
33516418
33515753
33515675
33515490
33514595
33514523
33514504
33513130
33511593
33511277
33509399
33507929
33507074
33507060
33506871
33506054
33505896
33505722
33504226
33503738
33499994
33498861
33498645
33497177
33496739
33495912
33495415
33494927
33494362
33492076
33491981
33491792
33491277
33490809
33490013
33489739
33489672
33489276
33488190
33485230
33483112
33483084
33482483
33482337
33481787
33481591
33481480
33480697
33480393
33479609
33478846
33478445
33477797
33475936
33475482
33475318
33474846
33474766
33474548
33473691
33473678
33473604
33471889
33471242
33470459
33469874
33469721
33469547
33468747
33468344
33467804
33467153
33466958
33466578
33466361
33465639
33465229
33465026
33464951
33463298
33463135
33461213
33461016
33460992
33460748
33460488
33459388
33459162
33458725
33458646
33458152
33457687
33457559
33457265
33456278
33455921
33455858
33455183
33455123
33454799
33454111
33454016
33453823
33452790
33452692
33452566
33452417
33452310
33451768
33451729
33451669
33451568
33451545
33451419
33451378
33450295
33450239
33450012
33449106
33448832
33448639
33448534
33447975
33447116
33446955
33446762
33446692
33446574
33445306
33445039
33443967
33443467
33443166
33442407
33442214
33441603
33441293
33440693
33440316
33439888
33439738
33439558
33439402
33439260
33437565
33436894
33436787
33436521
33436278
33436100
33435891
33435679
33435068
33434813
33434208
33434158
33434113
33433967
33433664
33433536
33433473
33433333
33433318
33432676
33432505
33432321
33432282
33432238
33432033
33431804
33431706
33431642
33431210
33431181
33431154
33431085
33431034
33430592
33430022
33429706
33429668
33429647
33429414
33429289
33429101
33429077
33428980
33428762
33428693
33427765
33427743
33427633
33427462
33426600
33426579
33425705
33425655
33425624
33425131
33424932
33424550
33424521
33424378
33423986
33423353
33423173
33422721
33422633
33422602
33422560
33419958
33419062
33418744
33418168
33417533
33417418
33415131
33414619
33414502
33414208
33413977
33413929
33413876
33413866
33413682
33413626
33413151
33413141
33412979
33412743
33412669
33412639
33412572
33412489
33412408
33412318
33411721
33411697
33411628
33411580
33411481
33411447
33410446
33410376
33410088
33409228
33408413
33408186
33407616
33405663
33405566
33404128
33403915
33402338
33402249
33401926
33401785
33401697
33401387
33400716
33400635
33398231
33398116
33397932
33396428
33395542
33395312
33393957
33393464
33392859
33392662
33391748
33391256
33391083
33390484
33390401
33390331
33389785
33389580
33389521
33389267
33388994
33388916
33388887
33388499
33387835
33387749
33387235
33387056
33387044
33386980
33386068
33385873
33384694
33384615
33384077
33383738
33382910
33382340
33381876
33381677
33381583
33380494
33380338
33380160
33378778
33378612
33378449
33377859
33377772
33377605
33377426
33376104
33375877
33375827
33375278
33374985
33374971
33374855
33374594
33374298
33374253
33374235
33374205
33374190
33374102
33373952
33373789
33371761
33371665
33370788
33370056
33370043
33370009
33369695
33369534
33368637
33368542
33367994
33367744
33367587
33367222
33367110
33366617
33364728
33364059
33363436
33363337
33363046
33361979
33361933
33361809
33360954
33360297
33360091
33360048
33359448
33359399
33359276
33359197
33358992
33358748
33358540
33358440
33358378
33358292
33358232
33358186
33358155
33358067
33357992
33357974
33357613
33357554
33357413
33357336
33357213
33357177
33356787
33356709
33356479
33356097
33354950
33354699
33354544
33354321
33354140
33354093
33353529
33352875
33352420
33351591
33350902
33350601
33350586
33350332
33350244
33350214
33348777
33347400
33346187
33345891
33345558
33345292
33345172
33344188
33343760
33343485
33343329
33343068
33342930
33342588
33341483
33340341
33340268
33339176
33338207
33338157
33337851
33337423
33336968
33336313
33336148
33335855
33335593
33335516
33335409
33335260
33335137
33334735
33334680
33334387
33333024
33332963
33332912
33332497
33332181
33332077
33331969
33329818
33329367
33328711
33326896
33326557
33326249
33326088
33325083
33324464
33324322
33321508
33321272
33321174
33321032
33320838
33320790
33320616
33320496
33319471
33319452
33319207
33319151
33318592
33318501
33317805
33317723
33317402
33315685
33314915
33314444
33314141
33313859
33313619
33312744
33312685
33312588
33312511
33312261
33312032
33311935
33311506
33311372
33311118
33311013
33310792
33309167
33308970
33307783
33307466
33307348
33307253
33307062
33306401
33306102
33305250
33305152
33304576
33304476
33304265
33303734
33301926
33301844
33301437
33301344
33301139
33300245
33300118
33299452
33299411
33299152
33299072
33298152
33297350
33295654
33295427
33294856
33293834
33292826
33292769
33291594
33291513
33290928
33290869
33290507
33290318
33289512
33289433
33289250
33289064
33289050
33288570
33286063
33285420
33285230
33284898
33284874
33284739
33283099
33281798
33281787
33281466
33281410
33281318
33281258
33280935
33280859
33280380
33280118
33279928
33279815
33279621
33279503
33279433
33279391
33279166
33279018
33278985
33278926
33278733
33278626
33278472
33278404
33277563
33277320
33276912
33276722
33276383
33276209
33275880
33275698
33275541
33275446
33275210
33275181
33274967
33274719
33274638
33274433
33274395
33274219
33274125
33273618
33273429
33273348
33272979
33272961
33272848
33272669
33272595
33272545
33272328
33272068
33272003
33271921
33271533
33271399
33271270
33271101
33271039
33270951
33270860
33270671
33270479
33270462
33270259
33270211
33270134
33270001
33269951
33269790
33269663
33269531
33269423
33269258
33268923
33268574
33268421
33268268
33268110
33267904
33267707
33267521
33267485
33267287
33267243
33267083
33266805
33266544
33266258
33266117
33266016
33265745
33265724
33265447
33265008
33264777
33264557
33264316
33264143
33263943
33263892
33263676
33263590
33263460
33263258
33263208
33263128
33262929
33262727
33262428
33262082
33261864
33261438
33261114
33260950
33260714
33260582
33260411
33260236
33260026
33259930
33259756
33259521
33259077
33258799
33258591
33258043
33257662
33257580
33257088
33256949
33256901
33255491
33254949
33254888
33254768
33254746
33254270
33254259
33254195
33254096
33254055
33253981
33253943
33253879
33253825
33253780
33253760
33253747
33253686
33253659
33253646
33253487
33253474
33253336
33253248
33253158
33253014
33252997
33252887
33252797
33252600
33252568
33252544
33252525
33252458
33252427
33252324
33252267
33252090
33252069
33251795
33251619
33251478
33251364
33251093
33250887
33250816
33250726
33250641
33250179
33250065
33250011
33249999
33249796
33249728
33249642
33249393
33249333
33249188
33248937
33248843
33248775
33248730
33248653
33248561
33248439
33248286
33248234
33247960
33247663
33247519
33247487
33246949
33246869
33246840
33246631
33246442
33246417
33246352
33246087
33246050
33245798
33245611
33245433
33245249
33245198
33245109
33245040
33244969
33244840
33244696
33244505
33244457
33244320
33244129
33243794
33243627
33243587
33243362
33243323
33243236
33243216
33243118
33243082
33242967
33242927
33242809
33242754
33242584
33242386
33242302
33242145
33241897
33241843
33241765
33241652
33241393
33241338
33241224
33241056
33240866
33240744
33240482
33240377
33240262
33240152
33240019
33236022
33234994
33234682
33233252
33232816
33231948
33231333
33230996
33228716
33227933
33227839
33227472
33226067
33224129
33224033
33221977
33220626
33220005
33219823
33219590
33218765
33218605
33218431
33213469
33213023
33212848
33211760
33210825
33209322
33208693
33207167
33206710
33206578
33206227
33204379
33204294
33204231
33204153
33204082
33204030
33203877
33203319
33201955
33201723
33200899
33199939
33199722
33198908
33197267
33196834
33196536
33196229
33195572
33194374
33193327
33193020
33191176
33190891
33189896
33189659
33189425
33189066
33186537
33185630
33184795
33184149
33183938
33182015
33181573
33181154
33180933
33180109
33178309
33178111
33177695
33177003
33176906
33174150
33173730
33173388
33172624
33172234
33169303
33168557
33163687
33163533
33163190
33162506
33159115
33157539
33157431
33157384
33157323
33157267
33157190
33156899
33156759
33155968
33155051
33154837
33154559
33154223
33154089
33153862
33153808
33153589
33153302
33153175
33152345
33151789
33151710
33149379
33148431
33148151
33144713
33143632
33143446
33143256
33143056
33142356
33141358
33141108
33139841
33139280
33139049
33138294
33137740
33135905
33135858
33133664
33133421
33133222
33132959
33129533
33129037
33128331
33127488
33123442
33123005
33121663
33121260
33119954
33119785
33119720
33119524
33118623
33118369
33118102
33117949
33116345
33116315
33114124
33113969
33112136
33111717
33111368
33111082
33110657
33106624
33106546
33106157
33106064
33106013
33105422
33105131
33104975
33104281
33104215
33103575
33103470
33103173
33102396
33102330
33102313
33102260
33100953
33100863
33100815
33099156
33098980
33098334
33098162
33097329
33097319
33096724
33096465
33096311
33095680
33093844
33093456
33093374
33091843
33091474
33091261
33090574
33088995
33088956
33088724
33087950
33087667
33087524
33087383
33086817
33086698
33086378
33086339
33085297
33085132
33084877
33083420
33082639
33081447
33080494
33079819
33079760
33079644
33079548
33079458
33077577
33077510
33077390
33076460
33076085
33075892
33075756
33074618
33073932
33073704
33073071
33072672
33071775
33071681
33070745
33070484
33070227
33070193
33070104
33069970
33069560
33068528
33068278
33066561
33066359
33066135
33066067
33065838
33065600
33064487
33064354
33063931
33058583
33058376
33057699
33057503
33056806
33056029
33055940
33054311
33053719
33053410
33050471
33050447
33050209
33049184
33048377
33048279
33048268
33047168
33046267
33046180
33046107
33045834
33045744
33045384
33044776
33044281
33041051
33040789
33040502
33039521
33039455
33036554
33035748
33035505
33033827
33033214
33033039
33029561
33029414
33029142
33027382
33026980
33024196
33024118
33023814
33023066
33022894
33022872
33018009
33014940
33014431
33014351
33014161
33014012
33013331
33013054
33012576
33010888
33009655
33009197
33008804
33008597
33007867
33007582
33007245
33006329
33005983
33005696
33003626
33003553
33003424
33003123
33002816
33001441
32999622
32999545
32999279
32999090
32998745
32996814
32996438
32995647
32995424
32994720
32993488
32992473
32991505
32991324
32989168
32989104
32986819
32986320
32985485
32985379
32980992
32980164
32979928
32979771
32977200
32976916
32976374
32974761
32974616
32974512
32974306
32972616
32970306
32969897
32969831
32969810
32969768
32969127
32968401
32966620
32966447
32965756
32960911
32959370
32958316
32957324
32957164
32956854
32956714
32956542
32956418
32956247
32956182
32955910
32955821
32955493
32955295
32955031
32954775
32954582
32953092
32951778
32950602
32950152
32949421
32943886
32941420
32940919
32940530
32939713
32937194
32932023
32930265
32929717
32926009
32925779
32925359
32925141
32924054
32923828
32923324
32919951
32919791
32919674
32919608
32919381
32918636
32918338
32918034
32917737
32917009
32911682
32911118
32908408
32908193
32907686
32907300
32907146
32907049
32903539
32903023
32901964
32899053
32898991
32896379
32895962
32895242
32889862
32889569
32887946
32887813
32887243
32886676
32878121
32873769
32873185
32872415
32871227
32870983
32870871
32870595
32868863
32868086
32867858
32867473
32867380
32867326
32866973
32866550
32866483
32866465
32866387
32866342
32866148
32866055
32865894
32865277
32864777
32863599
32863324
32863005
32862957
32862822
32862336
32861523
32861187
32860438
32859893
32859710
32859503
32858301
32858249
32856489
32856006
32855610
32855587
32855298
32855201
32854748
32854675
32854584
32854394
32853473
32852715
32852432
32852125
32851951
32851879
32851662
32851545
32851452
32851254
32851062
32850856
32850628
32849636
32849588
32849551
32849323
32849190
32849071
32848870
32848732
32848460
32847564
32847483
32847110
32846502
32846201
32845814
32845590
32845314
32845214
32845203
32845117
32845006
32844984
32844895
32844854
32844624
32844433
32844278
32844124
32843737
32843095
32842833
32842315
32841717
32840710
32840504
32839647
32839579
32838873
32838677
32838599
32838506
32838465
32838411
32838314
32838267
32837550
32837481
32837374
32837336
32836556
32835946
32835905
32835880
32835813
32835227
32835052
32834129
32833985
32833645
32833518
32833425
32833352
32832990
32832954
32831999
32831366
32831285
32831179
32831117
32831031
32830937
32830620
32830553
32830086
32829935
32829881
32829322
32828992
32828400
32828336
32828310
32828288
32828265
32828235
32828140
32828095
32827973
32827824
32827136
32827027
32826866
32826818
32826745
32826425
32826307
32826213
32826162
32825398
32825223
32825101
32824946
32824861
32824787
32824674
32824635
32824592
32824289
32824124
32824005
32823943
32823638
32823259
32823130
32823072
32820265
32819993
32818809
32818232
32817809
32817471
32817082
32816863
32816686
32816345
32814194
32812865
32812825
32812703
32812635
32812540
32812302
32812151
32812108
32812017
32811976
32811380
32811312
32811090
32810500
32810444
32809798
32809523
32809307
32807754
32807571
32807533
32807379
32807243
32807013
32806997
32806691
32806522
32806498
32806424
32806317
32805988
32805872
32804770
32804340
32803803
32803673
32803618
32803112
32802952
32802867
32802798
32802776
32802647
32802553
32802483
32802397
32802322
32802167
32802078
32801557
32801165
32800919
32800847
32800777
32800591
32800461
32800180
32800065
32800018
32799406
32799335
32799285
32799127
32799060
32799013
32798937
32798897
32798885
32798809
32798748
32798684
32798583
32798481
32797382
32796864
32796724
32796557
32796296
32796010
32795781
32794888
32794680
32794537
32793022
32791885
32791309
32791079
32790812
32790019
32789919
32789875
32789703
32789606
32789510
32789425
32789407
32789289
32788495
32788381
32788194
32788058
32787912
32787847
32787766
32787541
32787318
32787151
32787081
32786943
32786698
32786675
32786214
32786187
32786144
32786064
32785553
32785050
32784985
32784377
32784336
32784071
32784049
32784006
32783919
32783825
32783681
32783541
32782995
32782909
32782594
32782527
32782323
32782171
32782151
32782061
32781951
32781937
32781781
32781517
32781442
32781350
32781179
32780519
32780362
32780350
32780308
32780248
32779921
32779899
32779804
32779554
32779458
32779048
32778974
32778707
32778456
32778384
32778052
32777642
32777509
32777343
32777032
32776935
32776746
32776662
32776425
32776284
32776221
32776012
32775970
32775825
32775667
32775145
32774908
32774726
32774253
32774216
32774139
32774050
32773985
32773677
32773047
32773036
32772847
32772800
32772688
32772583
32771503
32771447
32771415
32771246
32771219
32770884
32770847
32770811
32770734
32770659
32770603
32770584
32770439
32769746
32769488
32769331
32769244
32769203
32769121
32769111
32768776
32768563
32768437
32767925
32767736
32767674
32767602
32766900
32766802
32766786
32766724
32766663
32766636
32766235
32766141
32765963
32765932
32765851
32765763
32765739
32765624
32765552
32765502
32765411
32765355
32764961
32764911
32764817
32764795
32764720
32764708
32764661
32764629
32764593
32764521
32764215
32764108
32764041
32764017
32763867
32763780
32763710
32763662
32763578
32763362
32763238
32763029
32762920
32762842
32762801
32762765
32762737
32762189
32761799
32760632
32760468
32760158
32759969
32759939
32759927
32759698
32759607
32759545
32758818
32757708
32757678
32757609
32757551
32757397
32757267
32757209
32756556
32756474
32756322
32756161
32756096
32756003
32755896
32755775
32755652
32755095
32755029
32754920
32754859
32754798
32754776
32754703
32753961
32753632
32753523
32753486
32753414
32753232
32753167
32753009
32752684
32752473
32752294
32752280
32751988
32751795
32751750
32751429
32750878
32750657
32750570
32750542
32750485
32750115
32749833
32749509
32749482
32749446
32749154
32749042
32749031
32748546
32747113
32746848
32745232
32744847
32744599
32743970
32743372
32740312
32740036
32739472
32739072
32738786
32737054
32732666
32731524
32731394
32731028
32729234
32728826
32728594
32728227
32728067
32726995
32726778
32726493
32725642
32725393
32720684
32720288
32719022
32714816
32713936
32712371
32712081
32711949
32711565
32710377
32710005
32709805
32709640
32708558
32708464
32705294
32704500
32704367
32704149
32703911
32703534
32702189
32701842
32696224
32695130
32694913
32694314
32693928
32693799
32693590
32693279
32693111
32692613
32692448
32692060
32689426
32689293
32689143
32687893
32687521
32686634
32686400
32685732
32683963
32683321
32683029
32682005
32680832
32680005
32673676
32672382
32671463
32670376
32670262
32670040
32668922
32668815
32668670
32668412
32666075
32665919
32664897
32664704
32664481
32662132
32661852
32660715
32660406
32659998
32659587
32659126
32658726
32658415
32658302
32658162
32658085
32657710
32656776
32656548
32656202
32654899
32654282
32650760
32650732
32650367
32648822
32648670
32648168
32647865
32647114
32646928
32646426
32646351
32646081
32645823
32645308
32644829
32644142
32642641
32642560
32642407
32642339
32642328
32642250
32641774
32641164
32641094
32640483
32640389
32640339
32640242
32640188
32640174
32639539
32639304
32639011
32638784
32637691
32637590
32637418
32637185
32636920
32636810
32636776
32636569
32636131
32635067
32635001
32634377
32634233
32633763
32633487
32633093
32632839
32632330
32632202
32632063
32631870
32631470
32631220
32631105
32630770
32629554
32629479
32628927
32628709
32628601
32628113
32627938
32627808
32627270
32627090
32626881
32626392
32626364
32626309
32626132
32625690
32625544
32625493
32625439
32625278
32625196
32625182
32625055
32625008
32624835
32624692
32624606
32624591
32624499
32624435
32624218
32623644
32623550
32623535
32623516
32623494
32623450
32623424
32623072
32623044
32622999
32622854
32622737
32622666
32622265
32622189
32622075
32621889
32621511
32621426
32621349
32621328
32621216
32621119
32621037
32621015
32620987
32620948
32620661
32620104
32620031
32619754
32619306
32618991
32618981
32618966
32618937
32618788
32618336
32618114
32618099
32618044
32618029
32617948
32617758
32617676
32617595
32617500
32617479
32617373
32617253
32617069
32616992
32616088
32616074
32616019
32615505
32614597
32614482
32614354
32613933
32613460
32612949
32612791
32611758
32610734
32610579
32610447
32610249
32610042
32609970
32609160
32608845
32608783
32608525
32607645
32606160
32605918
32605469
32603719
32603565
32603462
32603141
32603102
32602745
32602316
32600331
32598712
32598367
32597896
32597702
32597588
32597372
32595272
32595054
32594826
32590805
32590026
32589110
32589011
32588691
32588586
32588375
32588069
32587547
32587196
32586595
32586363
32586224
32586199
32586135
32585892
32585376
32584999
32584846
32583924
32583580
32583047
32582674
32582199
32581759
32581409
32579282
32579252
32579198
32579172
32579100
32578807
32578733
32578673
32578574
32578352
32578307
32578226
32578024
32577807
32577490
32577348
32577271
32577187
32576716
32576659
32576416
32575362
32575055
32574725
32574528
32574102
32573349
32573037
32572809
32572156
32571750
32571078
32570217
32570010
32569403
32569032
32568790
32568725
32567920
32567901
32567590
32566852
32564692
32564527
32564018
32562127
32561837
32561646
32561308
32560899
32559695
32558725
32558515
32558216
32557618
32557401
32556395
32555086
32554369
32553562
32551233
32550979
32548441
32546025
32545405
32543339
32543047
32542466
32540376
32539747
32539415
32538645
32537430
32537179
32537137
32537054
32537029
32537010
32536913
32536647
32536394
32536249
32536139
32536069
32536024
32535858
32535062
32534970
32534873
32534826
32534610
32534402
32533249
32531830
32531055
32527196
32526790
32526606
32526482
32526101
32525842
32522974
32522354
32522145
32521846
32517804
32517634
32516327
32515879
32515140
32511686
32509939
32509342
32509050
32504854
32503810
32500835
32499823
32499485
32496634
32495082
32494478
32491065
32490861
32490515
32490053
32489856
32489725
32487517
32487419
32486908
32486841
32486806
32486752
32486692
32486649
32486577
32486330
32486231
32484336
32483595
32482610
32481505
32481196
32480885
32480610
32480299
32480148
32480089
32479745
32479725
32479568
32479020
32478263
32477935
32477783
32477555
32477055
32476748
32476455
32476377
32475841
32475496
32475319
32475239
32475069
32474960
32474644
32474361
32474324
32474043
32473998
32473828
32473371
32473179
32472762
32472368
32472294
32471919
32471655
32471321
32470572
32470053
32469877
32469723
32469376
32469051
32468805
32468657
32468545
32468452
32468161
32467837
32467728
32466459
32464345
32463759
32462295
32462279
32461985
32461617
32461351
32461172
32460223
32460075
32459552
32458681
32458345
32458104
32458027
32457817
32457693
32457543
32457370
32457173
32456947
32456759
32456663
32456532
32455810
32455517
32455420
32454749
32454417
32454062
32453888
32453716
32453652
32453613
32453488
32452437
32452372
32452073
32451974
32451684
32451382
32451233
32450820
32450784
32450411
32449723
32448916
32448761
32448438
32448193
32446347
32446146
32445637
32445581
32445546
32445012
32444881
32444743
32444539
32444255
32442791
32441659
32439957
32439280
32438920
32438468
32436372
32434922
32434691
32431970
32431076
32430008
32426675
32426365
32423986
32423589
32422600
32421592
32420652
32419668
32417415
32417339
32417255
32416137
32415927
32411351
32410830
32409796
32408324
32407285
32406660
32406314
32406223
32405609
32404822
32403350
32402401
32399115
32397554
32395503
32394307
32394021
32393182
32392295
32390986
32389593
32384563
32379689
32376034
32375417
32374939
32374558
32373999
32369076
32366043
32362851
32362273
32361923
32357107
32355006
32353837
32351141
32349967
32349475
32348221
32346689
32346068
32345761
32344407
32343736
32342750
32342102
32341448
32340294
32340218
32337014
32336944
32336781
32336595
32333860
32332872
32328066
32327822
32318708
32317855
32315443
32314723
32313979
32312913
32312349
32309728
32308158
32307896
32306802
32296911
32296250
32290241
32289237
32285933
32272936
32272635
32272276
32272002
32271832
32271587
32270779
32266273
32265918
32261549
32261161
32260693
32247381
32244912
32244300
32243717
32225805
32225346
32224909
32224273
32223904
32207917
32207295
32206249
32205941
32202558
32191527
32191060
32190837
32190585
32188454
32188049
32181512
32181497
32180915
32180786
32178000
32175601
32174730
32174448
32173272
32171453
32167741
32166012
32158158
32155885
32155564
32155093
32154914
32152716
32141039
32135555
32135183
32133696
32133115
32131970
32130594
32129838
32129556
32118409
32117836
32117191
32116939
32116520
32116287
32014542
31799763
31777445
31743630
31630758
31526998
31494703
31474905
31464939
31439026
31417300
31396846
31337703
31196639
31040753
30991028
30883261
30825039
30803267
30675572
30456158
30424509
30371135
29456801
29114151
29094613
29044169
28987608
28834989
28616352
28216401
28201335
28183065
28174910
28151262
28138168
28094398
27901310
26860684
26706990
26635427
26573427
25854226
25812001
25645987
25635804
25624970
25615600
25591382
25580821
25262331
25259010
25254381
24880068
24814129
24801351
24590684
24583926
24576427
24567267
24194905
24162705
24122240
23964518
23934809
23553517
23395918
23375866
23366550
23344001
23334075
23280240
23265195
23255881
23251715
23094583
23045480
23019316
23016380
23013456
23006379
22992322
22983273
22971137
22741206
22653512
22631478
22620469
22613293
22597592
22547466
22498109
22494681
22490516
22486751
22182441
22161227
22116198
22104141
22080333
21922317
21886474
21732694
21544698
21462964
21451649
21395082
21378153
21354583
21305665
21293661
21157708
21091616
21067956
21055849
21052038
21040441
21018200
21002576
20954502
20917155
20901233
20897031
20895905
20891611
20889069
20884104
20879949
20856307
20768272
20764315
20744673
20721535
20705542
20663314
20646942
20638462
20607160
20604333
20599901
20562236
20438901
20418366
20410870
20399017
20228163
20223559
20219507
20216640
20213750
20209494
20207768
20205304
20195106
20168149
20143696
20141382
20118080
20081748
20078978
20074227
20070021
19960216
19938038
19930408
19908868
19904761
19903218
19782817
19646836
19641912
19641577
19639045
19624491
18745187
18535817
17594112
17343192
17231115
17143937
17027536
17016627
16986098
16977067
16727418
16707518
16700604
16694275
16688251
16685764
16613015
16611188
16610517
16607163
16606075
16601443
16599869
16539671
16535457
16531055
16522888
16519899
16499622
16492823
16485704
16481162
16476391
16471481
16468145
16465600
16465524
16363896
16360581
16358286
16349741
16320628
16283483
16278792
16275725
16219082
16215815
16214892
16211227
16185090
16183964
16178463
16175595
16172319
16170820
16164496
15907359
15897404
15890511
15872277
15849998
15842317
15839565
15833668
15771070
15751597
15749294
15692844
15665876
15647375
15641217
15621306
15617268
15608421
15552279
15550393
15545648
15526361
15524801
15522267
15519882
15510877
15509942
15468259
15462155
15448314
15443934
15441298
15435283
15423466
15421271
15310508
15287463
15175044
15118236
15007844
14993639
14980898
14812809
14475485
14466435
14337013
14332849
14323005
14315047
14302065
14295884
14289710
14272649
14134780
14068902
14029456
13873795
13863887
13846826
13447682
13425192
13411124
13304247
12932608
12915963
12779456
12666708
12664981
12642268
12600260
12531985
12473782
12439608
12422604
12363973
12333384
12329523
12317588
12168812
12041872
11925018
11898973
11878242
11601812
11589898
11578280
11566340
11559267
11480000
11462416
11449248
11436445
11418414
11405263
11222973
11154530
11136846
11135775
11115021
11033626
11031560
10981873
10980412
10979648
10975517
10945265
10925759
10915743
10900920
10891285
10741495
10722519
10692287
10680657
10664398
10654845
10432989
10428867
10428527
10423655
8855189
8841891
8838581
8833476
8761495
8756813
8717615
8715713
8705724
8646032
8546569
8539723
8539064
8532784
8527641
8326678
8317286
8308102
8300025
8166447
8154179
8052640
7876575
7844438
7829911
7819168
7753727
7696464
7689223
7663249
7628438
7623686
7622624
7617727
7612860
7602898
7583713
7570071
7522502
7283260
7280068
7178520
7121531
7083137
7064530
7007210
6993838
6978954
6728792
6671354
6650054
6633383
6620379
6604607
6562544
6556888
6524950
6518307
6514716
6384842
6340800
6328003
6316334
6309282
6301376
6290495
6275005
6262399
6255308
6200132
6164598
6161037
6156981
6145572
6145254
6135509
6126833
6027257
6018244
6015384
6008128
6005035
6000488
5987432
5982844
5977001
5969645
5940454
5920073
5910945
5908340
5901639
5890201
5887807
5841907
5825956
5817916
5812067
5766836
5763996
5761800
5730130
5729609
5725038
5720554
5719910
5716917
5715716
5715045
5713605
5711672
5707957
5674747
5596241
5553554
5480511
5451099
5445853
5442144
5380539
5371214
5364216
5361454
5358417
5349235
5260577
5257705
5137677
5133326
5119933
5050307
5037810
4879942
4856727
4829800
4783335
4763212
4750774
4737760
4731970
4711061
4683078
4365982
4351188
4336349
4218064
4180286
4166019
3841906
3821700
3807526
3669157
3561294
3552912
3544853
3538285
3524686
3504190
3439439
3399364
3378347
3189800
3177344
3137278
3037287
2929083
2924613
2851528
2546160
2541149
2533872
2512386
2503131
2457010
2441958
2371842
2350329
2336790
2323484
2310992
2288320
2283068
2273666
2266796
2247902
2229927
2225736
2133692
2031898
1877313
1875796
1858670
1843521
1771894
1761837
1746674
1711120
1497263
1491737
1487008
1463866
1451360
1437519
1419485
1411897
1394780
1388598
961857
960402
954705
937751
923375
910193
895742
627248
516775
511213
486637
477125
414243
291609
289470
218935
122197
84104
84085
84029
84026
84018
83994
83989
83984
83976
83966
83962
83945
83909
83906
83904
83902
83817
83816
83808
83750
83745
83742
83738
83736
83726
83700
83694
83692
83690
83682
83673
83668
83665
83642
83597
83591
83590
83588
83586
83555
83548
83464
83458
83447
83419
83418
83413
83370
83363
83361
83347
83345
83343
83324
83311
83306
83304
83303
83292
83291
83289
83265
83250
83242
83238
83236
83235
83233
83232
83231
83200
83145
83136
83132
83127
83119
83050
83040
83039
83035
83025
83019
83015
83012
83009
83005
82987
82921
82891
82890
82866
82757
82733
82726
82721
82670
82663
82646
82607
82604
82602
82599
82597
82596
82592
82539
82535
82531
82480
82476
82472
82465
82398
82391
82358
82353
82351
82347
82343
82252
82203
82200
82181
82178
82169
82164
82159
82155
82100
82094
82090
82086
82083
82009
82004
82001
81947
81887
81855
81849
81845
81830
81758
81753
81709
81667
81661
81654
81649
81645
81631
81621
81547
81487
81469
81465
81456
81452
81450
81447
81419
81405
81364
81322
81320
81312
81299
81294
81290
81288
81256
81255
81228
81227
81219
81210
81208
81206
81182
81178
81175
81168
81162
81158
81153
81148
81073
81013
81003
80994
80990
80974
80968
80960
80942
80852
80848
80785
80761
80731
80725
80722
80689
80647
80639
80634
80486
80477
80441
80424
80420
80410
80388
80373
80242
80236
80226
80224
80205
80198
80194
80190
80181
80123
80092
80077
80070
80042
80028
79982
79930
79924
79920
79915
79881
79808
79797
79780
79723
79694
79686
79664
79659
79559
79555
79551
79540
79536
79396
79313
79312
79310
79253
79244
79238
79227
79218
79213
79126
79116
79100
79085
79051
79044
79015
79000
78938
78931
78925
78921
78917
78893
78884
78863
78850
78818
78811
78802
78795
78746
78736
78732
78722
78714
78662
78652
78644
78604
78598
78511
78504
78497
78490
78483
78435
78407
78329
78324
78316
78311
78301
78295
78293
78279
78273
78268
78262
78261
78252
78186
78112
78097
78080
78068
78061
78057
78055
77809
77799
77792
77786
77781
77777
77766
77707
77696
77691
77590
77586
77582
77488
77468
77433
77429
77304
77295
77278
77272
77257
77242
77234
77210
77101
77086
77051
77044
77033
77029
76967
76964
76847
76841
76834
76805
76797
76773
76752
76750
76584
76569
76557
76542
76538
76534
76531
76524
76522
76419
76409
76399
76318
76300
76293
76181
76166
75717
75648
75629
75553
75541
75529
75515
75041
75035
74936
74913
74892
74883
74852
74791
74772
74482
74470
74451
74438
74420
74364
74353
74335
74299
74285
74263
73115
72899
72852
72841
72837
72817
72783
72765
72727
72710
72368
72303
72276
72268
72258
72247
71799
71792
71780
71776
71762
71749
71737
71719
71712
71705
71691
71684
71666
71237
71199
71193
71168
71160
71136
71125
71081
71065
71039
70997
70972
70865
70567
70553
70544
70529
70521
69160
69108
69078
69065
69040
68993
68561
68545
68514
68482
68444
68285
68044
68033
68026
68021
68000
67985
67983
67979
67971
67945
67933
67929
67918
67897
67885
67880
67876
67868
67794
67780
67779
67734
67697
67691
67647
67632
67628
67627
67624
67622
67620
67606
67555
67540
67529
67524
67519
67517
67476
67381
67377
67287
67277
67171
67166
67158
67140
67096
67019
66968
66961
66957
66953
66950
66946
66944
66940
66937
66924
66844
66791
66779
66773
66764
66757
66746
66745
66729
66726
66682
66505
66484
66480
66475
66467
66457
66450
66442
66430
66426
66418
66362
66304
66301
66251
66247
66238
66222
66214
66203
66194
66190
66186
66180
66168
66050
66044
66041
65982
65931
65925
65921
65747
65740
65737
65732
65706
65684
65678
65672
65667
65468
65414
65411
65277
65272
65263
65255
65219
65183
65176
65167
65162
65155
65148
65139
65133
65101
64943
64923
64909
64872
64865
64858
64853
64840
64836
64832
64828
64659
64653
64647
64644
64639
64635
64577
64571
64535
64500
64494
64487
64366
64364
64352
64350
64340
64339
64333
64329
64238
64126
64122
64117
64108
64098
64090
64082
64077
64027
63979
63930
63908
63905
63904
63898
63895
63893
63886
63803
63796
63792
63791
63788
63751
63734
63731
63673
63652
63582
63575
63571
63568
63566
63538
63529
63524
63519
63517
63514
63465
63439
63436
63267
63259
63255
63251
63249
63241
63239
63117
63108
63103
63100
63096
63042
63004
63000
62997
62993
62988
62960
62925
62923
62920
62918
62898
62894
62852
62833
62830
62826
62823
62813
62811
62810
62808
62807
62805
62797
62778
62771
62765
62756
62735
62715
62692
62686
62684
62681
62679
62676
62675
62672
62668
62666
62645
62639
62637
62635
62634
62623
62618
62616
62613
62606
62601
62584
62582
62580
62576
62570
62568
62564
62561
62552
62527
62525
62520
62515
62514
62512
62481
62478
62414
62406
62401
62385
62378
62372
62370
62367
62363
62341
62319
62310
62289
62280
62273
62272
62270
62248
62242
62237
62209
62160
62152
62146
62139
62136
62113
62063
62053
62047
61919
61891
61836
61831
61824
61820
61814
61781
61750
61749
61743
61724
61716
61714
61712
61711
61707
61687
61641
61631
61626
61619
61615
61560
61541
61495
61403
61400
61394
61340
61336
61294
61293
61291
61278
61250
61240
61239
61238
61236
61234
61197
61194
61188
61187
61186
61182
61181
61175
61174
61168
61164
61163
61158
61141
61135
61129
60987
60985
60977
60972
60969
60954
60952
60946
60916
60906
60900
60896
60884
60881
60877
60842
60840
60832
60831
60830
60824
60821
60820
60784
60766
60763
60758
60731
60720
60719
60681
60679
60675
60673
60672
60640
60639
60634
60629
60628
60627
60621
60620
60619
60617
60616
60613
60610
60602
60599
60598
60597
60580
60573
60572
60565
60563
60561
60559
60557
60556
60550
60548
60516
60515
60508
60506
60491
60489
60479
60477
60473
60472
60471
60442
60441
60435
60427
60425
60421
60417
60398
60394
60384
60372
60361
60358
60356
60353
60351
60341
60338
60336
60335
60334
60333
60327
60326
60324
60314
60313
60312
60311
60293
60292
60291
60262
60260
60259
60199
60198
60197
60194
60193
60192
60190
60169
60168
60167
60165
60162
60161
60159
60154
60151
60132
60129
60128
60127
60126
60124
60121
60116
60115
60108
60056
60055
60050
60047
60045
60043
60041
60040
60039
60038
60034
60030
60028
60027
60010
60008
60005
60001
59999
59998
59982
59980
59974
59973
59970
59966
59965
59962
59955
59952
59949
59941
59931
59910
59904
59896
59895
59890
59888
59874
59872
59868
59867
59863
59857
59854
59851
59848
59812
59811
59810
59805
59801
59779
59777
59763
59752
59748
59733
59732
59730
59711
59705
59697
59695
59694
59692
59689
59687
59685
59680
59669
59668
59666
59661
59649
59646
59640
59637
59600
59599
59598
59595
59588
59587
59586
59585
59583
59580
59572
59569
59562
59557
59556
59553
59552
59546
59545
59544
59543
59540
59539
59511
59510
59509
59503
59502
59501
59500
59492
59487
59485
59483
59472
59469
59459
59458
59457
59456
59455
59434
59431
59429
59428
59415
59413
59405
59403
59402
59401
59400
59374
59373
59372
59370
59369
59368
59367
59366
59365
59344
59340
59338
59336
59335
59334
59333
59312
59311
59299
59292
59291
59289
59287
59284
59257
59251
59250
59248
59246
59243
59228
59225
59222
59221
59220
59218
59217
59203
59195
59194
59191
59177
59171
59170
59167
59165
59164
59163
59162
59161
59150
59148
59141
59140
59138
59137
59111
59109
59102
59100
59099
59097
59095
59094
59086
59085
59084
59078
59071
59065
59060
59058
59036
59035
59034
59033
59032
59030
59026
59022
59010
58991
58988
58985
58984
58981
58978
58971
58965
58962
58959
58933
58932
58931
58929
58927
58922
58918
58916
58913
58912
58887
58886
58883
58882
58880
58875
58873
58872
58852
58849
58845
58839
58838
58828
58815
58814
58812
58811
58809
58807
58793
58788
58785
58784
58783
58780
58779
58778
58768
58765
58751
58750
58749
58748
58746
58713
58709
58707
58706
58705
58704
58703
58700
58698
58691
58690
58688
58686
58684
58678
58675
58673
58672
58670
58669
58668
58666
58664
58654
58649
58648
58644
58642
58640
58637
58636
58627
58626
58625
58624
58623
58621
58620
58617
58615
58601
58595
58594
58593
58587
58579
58577
58575
58569
58567
58565
58563
58561
58560
58559
58558
58556
58555
58554
58550
58548
58545
58544
58535
58529
58528
58523
58522
58521
58520
58519
58515
58514
58513
58512
58511
58510
58508
58504
58503
58502
58501
58499
58498
58497
58495
58492
58490
58489
58486
58483
58482
58478
58475
58474
58467
58466
58465
58464
58463
58462
58460
58459
58458
58455
58453
58452
58440
58437
58436
58434
58431
58429
58425
58422
58421
58420
58409
58406
58404
58401
58398
58397
58396
58395
58394
58393
58388
58384
58382
58380
58377
58376
58375
58374
58371
58368
58366
58364
58360
58359
58348
58346
58341
58339
58327
58325
58314
58312
58311
58310
58309
58306
58303
58302
58300
58295
58294
58292
58291
58290
58289
58288
58267
58266
58265
58264
58262
58261
58260
58256
58234
58232
58215
58214
58213
58212
58209
58208
58204
58203
58202
58180
58179
58177
58176
58175
58173
58171
58165
58163
58158
58122
58121
58118
58117
58114
58112
58109
58108
58107
58106
58104
58103
58100
58099
58096
58079
58078
58077
58075
58074
58073
58070
58068
58058
58052
58049
58043
58039
57994
57993
57992
57989
57988
57987
57976
57969
57963
57932
57930
57928
57926
57924
57922
57921
57905
57901
57897
57874
57869
57864
57857
57856
57855
57853
57852
57827
57825
57823
57806
57791
57782
57778
55126
55120
55119
55116
55112
55110
55097
55095
55094
55092
55090
55089
55085
55068
55038
55035
55031
54998
54977
54975
54974
54973
54969
54959
54956
54953
54950
54949
54926
54922
54911
54910
54909
54908
54900
54899
54893
54887
54836
54830
54828
54824
54820
54818
54815
54790
54788
54785
54755
54753
54751
54749
54743
54727
54721
54719
54718
54714
54712
54711
54690
54689
54657
54656
54654
54636
54635
54633
54632
54631
54628
54626
54618
54617
54616
54615
54613
54611
54610
54608
54593
54588
54585
54583
54579
54575
54574
54573
54569
54565
54535
54530
54527
54526
54524
54523
54519
54518
54515
54514
54509
54508
54507
54505
54504
54502
54501
54499
54498
54496
54495
54493
54492
54488
54487
54475
54474
54473
54472
54469
54464
54462
54459
54447
54445
54426
54425
54420
54419
54418
54417
54415
54413
54412
54411
54408
54407
54399
54397
54393
54392
54391
54386
54384
54381
54380
54379
54378
54358
54356
54354
54353
54352
54350
54349
54345
54325
54322
54320
54319
54316
54314
54313
54308
54297
54295
54294
54292
54290
54289
54286
54280
54278
54269
54267
54263
54262
54259
54258
54257
54256
54255
54242
54241
54240
54237
54228
54221
54220
54219
54218
54214
54205
54203
54202
54198
54175
54173
54172
54171
54169
54168
54167
54165
54163
54149
54148
54143
54141
54140
54135
54134
54133
54132
54131
54130
54119
54118
54117
54116
54115
54114
54112
54110
54109
54107
54103
54102
54100
54099
54098
54097
54096
54095
54094
54093
54092
54089
54078
54075
54074
54073
54072
54067
54066
54065
54062
54061
54060
54059
54058
54056
54055
54042
54032
54029
54027
54026
54019
54018
54016
54015
54014
54013
54012
53982
53981
53980
53979
53977
53973
53958
53957
53955
53953
53928
53926
53925
53924
53923
53921
53907
53905
53888
53883
53881
53878
53877
53871
53868
53867
53866
53863
53845
53843
53839
53835
53822
53818
53817
53814
53812
53793
53792
53789
53781
53780
53779
53778
53776
53773
53771
53770
53760
53759
53756
53755
53749
53748
53746
53745
53743
53742
53740
53739
53738
53726
53721
53716
53715
53711
53710
53708
53707
53684
53683
53682
53677
53676
53671
53670
53668
53667
53664
53663
53660
53641
53638
53633
53628
53625
53591
53589
53587
53586
53585
53584
53583
53582
53577
53560
53557
53554
53553
53551
53550
53549
53541
53540
53530
53528
53526
53525
53524
53519
53518
53516
53515
53493
53492
53491
53489
53485
53483
53482
53479
53478
53476
53461
53460
53458
53457
53456
53455
53454
53451
53450
53448
53446
53445
53443
53439
53419
53418
53416
53412
53410
53409
53407
53405
53404
53403
53401
53400
53399
53398
53397
53396
53380
53379
53378
53377
53376
53375
53374
53372
53371
53369
53368
53366
53364
53350
53348
53347
53345
53340
53339
53337
53334
53323
53322
53321
53320
53319
53318
53317
53314
53313
53312
53308
53301
53298
53293
53286
53280
53279
53277
53276
53272
53271
53248
53247
53246
53244
53243
53242
53241
53240
53237
53233
53227
53212
53210
53207
53205
53204
53201
53200
53199
53198
53197
53196
53181
53180
53179
53177
53176
53175
53173
53168
53147
53145
53143
53141
53138
53137
53133
53131
53113
53112
53111
53110
53108
53106
53105
53104
53102
53101
53099
53098
53096
53091
53089
53056
53055
53054
53047
53043
53041
53039
53038
53036
53035
53028
53018
53015
53014
53008
53006
53005
52989
52986
52985
52984
52982
52981
52980
52955
52947
52946
52944
52930
52927
52925
52922
52921
52918
52917
52916
52915
52909
52908
52904
52902
46606
45389
45387
45376
45373
45370
45366
45365
45364
45362
45361
45360
45356
45355
45354
45341
45338
45334
45332
45331
45329
45328
45327
45325
45292
45290
45289
45284
45283
45282
45281
45279
45278
45277
45252
45250
45249
45248
45247
45242
45240
45239
45238
45235
45230
45212
45211
45210
45209
45208
45207
45198
45197
45193
45188
45183
45175
45168
45166
45155
45152
45150
45147
45145
45143
45141
45134
45121
45108
45106
45104
45103
45099
45098
45096
45036
45035
45034
45033
45027
45022
45017
45014
45009
45006
45005
44999
44997
44996
44995
44994
44993
44984
44980
44966
44964
44961
44959
44955
44951
44950
44948
44947
44946
44945
44943
44941
44936
44926
44919
44916
44914
44912
44911
44910
44909
44908
44905
44881
44879
44873
44872
44871
44870
44869
44868
44866
44864
44861
44860
44824
44822
44818
44810
44808
44807
44805
44803
44802
44801
44800
44798
44786
44783
44779
44777
44776
44775
44772
44771
44768
44750
44749
44742
44741
44733
44732
44731
44730
44729
44728
44727
44726
44723
44693
44692
44690
44679
44678
44676
44671
44669
44640
44639
44638
44631
44626
44612
44611
44608
44607
44606
44605
44603
44602
44591
44590
44588
44587
44585
44571
44556
44555
44552
44551
44547
44542
44540
44539
44537
44535
44534
44532
44531
44530
44529
44526
44523
44522
44521
44512
44511
44500
44497
44496
44495
44494
44493
44492
44488
44483
44482
44481
44474
44472
44469
44463
44460
44455
44448
44436
44430
44428
44423
44420
44417
44416
44412
44410
44409
44397
44396
44393
44388
44387
44385
44375
44374
44361
44360
44359
44357
44341
44340
44339
44338
44336
44334
44333
44330
44328
44321
44320
44319
44315
44310
44303
44302
44301
44294
44292
44291
44289
44287
44285
44284
44282
44279
44274
44270
44257
44256
44255
44250
44247
44245
44243
44234
44233
44231
44228
44218
44217
44211
44207
44205
44204
44202
44201
44196
44195
44194
44191
44189
44174
44173
44172
44170
44169
44168
44165
44164
44162
44161
44160
44155
44154
44153
44151
44149
44148
44146
44145
44144
44125
44113
44111
44108
44106
44105
44097
44096
44095
44088
44087
44086
44080
44079
44077
44076
44075
44072
44069
44056
44043
44037
44035
44034
44033
44025
44024
44023
44019
44018
44016
44014
44011
44004
43999
43998
43995
43994
43993
43992
43991
43985
43976
43975
43972
43970
43968
43967
43958
43941
43939
43938
43937
43936
43935
43934
43926
43920
43918
43917
43914
43912
43911
43910
43909
43907
43906
43904
43903
43902
43901
43899
43898
43897
43895
43894
43892
43891
43890
43889
43888
43885
43884
43883
43882
43879
43878
43877
43871
43870
43868
43867
43866
43865
43863
43862
43861
43860
43858
43857
43856
43855
43854
43853
43851
43850
43849
43847
43846
43845
43844
43843
43842
43839
43838
43837
43836
43835
43834
43833
43832
43831
43828
43818
43815
43797
43793
43790
43789
43788
43787
43781
43772
43769
43760
43759
43758
43756
43752
43751
43750
43744
43742
43741
43740
43739
43738
43732
43727
43725
43723
43715
43698
43693
43692
43689
43660
43650
43649
43648
43644
43642
43641
43640
43603
43600
43597
43596
43592
43591
43586
43582
43580
43576
43572
43566
43563
43560
43559
43556
43540
43538
43536
43534
43533
43520
43515
43510
43502
43500
43498
43494
43490
43488
43486
43482
43480
43477
43475
43474
43473
43467
43465
43463
43462
43455
43454
43451
43449
43448
43447
43446
43444
43436
43431
43428
43422
43416
43407
43406
43404
43402
43401
43398
43390
43383
43379
43377
43373
43365
43360
43359
43346
43343
43334
43329
43326
43325
43324
43321
43319
43315
43314
43312
43310
43308
43307
43305
43304
43293
43286
43284
43281
43280
43272
43266
43265
43264
43260
43259
43255
43253
43246
43243
43240
43235
43233
43231
43228
43226
43224
43223
43186
43185
43183
43182
43180
43179
43178
43174
43168
43150
43146
43140
43134
43130
43125
43124
43107
43106
43097
43096
43092
43088
43081
43080
43076
43075
43067
43066
43065
43064
43063
43062
43060
43049
43048
43047
43044
43035
43033
43032
43030
43029
43028
43027
43026
43025
43024
43023
43002
42980
42979
42978
42977
42976
42975
42974
42973
42972
42963
42961
42959
42958
42957
42955
42950
42949
42948
42947
42946
42944
42942
42939
42938
42932
42931
42928
42927
42926
42902
42898
42897
42895
42893
42892
42891
42884
42882
42879
42877
42869
42861
42857
42851
42848
42842
42837
42834
42832
42830
42828
42824
42823
42822
42809
42807
42804
42803
42802
42801
42797
42794
42788
42785
42784
42770
42752
42750
42746
42745
42743
42742
42741
42740
42736
42735
42733
42727
42725
42724
42723
42721
42714
42710
42707
42705
42703
42702
42695
42691
42682
42681
42680
42679
42678
42677
42675
42669
42668
42666
42665
42663
42662
42648
42647
42646
42644
42643
42638
42636
42634
42630
42622
42620
42604
42603
42602
42601
42599
42597
42596
42584
42570
42543
42541
42537
42536
42535
42533
42531
42524
42523
42522
42521
42520
42519
42518
42516
42512
42510
42503
42502
42499
42498
42495
42494
42493
42491
42485
42474
42471
42459
42456
42452
42451
42448
42443
42442
42433
42432
42423
42414
42403
42402
42398
42389
42388
42387
42385
42384
42382
42381
42375
42359
42358
42356
42355
42353
42349
42341
42337
42336
42328
42326
42323
42321
42319
42318
42316
42300
42299
42298
42296
42289
42287
42286
42285
42284
42282
42280
42274
42271
42269
42267
42262
42260
42259
42255
42254
42252
42248
42240
42239
42237
42236
42235
42234
42233
42232
42216
42212
42208
42205
42202
42188
42184
42183
42182
42179
42170
42161
42159
42157
42142
42137
42136
42135
42133
42121
42119
42118
42116
42114
42113
42102
42101
42074
42071
42069
42064
42063
42062
42061
42060
42057
42050
42046
42042
42032
42030
42027
42026
42025
42024
42021
42003
42002
42000
41994
41992
41990
41985
41981
41980
41969
41959
41957
41954
41952
41951
41946
41944
41943
41941
41939
41923
41921
41908
41902
41900
41896
41895
41893
41891
41888
41887
41884
41883
41878
41877
41875
41873
41871
41865
41849
41845
41844
41839
41831
41830
41826
41825
41821
41819
41809
41805
41802
41798
41792
41790
41786
41784
41782
41775
41773
41771
41769
41755
41746
41743
41737
41736
41734
41730
41727
41726
41725
41724
41715
41710
41709
41702
41701
41697
41693
41687
41684
41681
41666
41665
41661
41659
41657
41656
41653
41648
41647
41646
41644
41643
41634
41628
41605
41603
41602
41599
41597
41589
41580
41579
41577
41564
41563
41559
41554
41553
41552
41551
41548
41547
41544
41541
41524
41520
41505
41495
41491
41488
41487
41486
41483
41480
41477
41476
41474
41468
41465
41464
41460
41454
41449
41443
41439
41438
41437
41431
41430
41428
41426
41408
41407
41406
41405
41392
41388
41373
41372
41371
41367
41365
41361
41359
41354
41353
41331
41329
41326
41321
41319
41318
41316
41313
41311
41310
41300
41295
41290
41288
41287
41286
41259
41253
41250
41246
41244
41241
40702
40453
39691
37630
36161
36151
36028
36027
36023
36021
36018
36016
36012
36002
35993
35992
35989
35988
35986
35984
35973
35972
35971
35970
35953
35951
35947
35944
35941
35937
35934
35930
35928
35926
35924
35922
35920
35917
35914
35912
35911
35894
35881
35879
35874
35873
35870
35869
35861
35859
35857
35846
35845
35843
35842
35837
35834
35832
35829
35822
35820
35805
35804
35802
35790
35786
35777
35776
35772
35754
35753
35743
35742
35741
35739
35737
35736
35734
35716
35704
35703
35687
35682
35681
35679
35663
35661
35656
35647
35637
35630
35624
35622
35620
35619
35616
35612
35611
35610
35605
35593
35579
35577
35571
35570
35567
35566
35564
35539
35525
35523
35519
35512
35510
35509
35501
35485
35484
35481
35478
35477
35471
35469
35467
35454
35451
35449
35447
35417
35416
35414
35412
35411
35410
35408
35407
35405
35404
35396
35395
35394
35383
35382
35381
35379
35377
35376
35318
35309
35298
35296
35285
35283
35282
35279
35277
35274
35269
35268
35243
35236
35234
35232
35230
35202
35201
35201
35193
35177
35174
35156
35133
35130
35115
35111
35084
35083
35081
35064
35061
35060
35056
35018
34994
34993
34976
34964
34963
34961
34924
34915
34886
34885
34839
34836
34835
34826
34825
34823
34780
34766
34735
34733
34657
34596
34595
34594
34527
34514
34493
34486
34419
34415
34394
34393
34385
34323
34307
34306
34281
34279
34273
34101
34099
34077
34069
34066
34065
33987
33985
33984
33983
33982
33979
33976
33974
33971
33965
33962
33960
33958
33938
33936
33934
33933
33931
33929
33927
33924
33922
33920
33919
33910
33909
33908
33905
33903
33897
33896
33894
33889
33885
33882
33877
33872
33868
33865
33864
33863
33862
33861
33849
33847
33845
33843
33842
33839
33836
33833
33830
33826
33800
33779
33778
33738
33703
33700
33699
33695
33693
33669
33496
33474
33436
33435
33370
33367
33360
33359
33358
33294
33292
33260
33257
33256
33255
33254
33213
33212
33181
33178
33174
33173
33164
33116
33101
33099
33098
33084
33077
33075
33048
33047
33045
33040
33037
33035
33008
33007
33004
32978
32977
32973
32971
32939
32866
32864
32842
32840
32839
32838
32758
32757
32754
32719
32683
32682
32625
32572
32522
32520
32518
32500
32487
32486
32484
32458
32457
32439
32438
32436
32407
32406
32405
32382
32381
32370
32365
32364
32363
32361
32354
32353
32328
32326
32316
32310
32305
32304
32303
32258
32254
32237
32236
32234
32233
32218
32197
32196
32195
32194
32166
32153
32134
32122
32121
32120
32110
32078
32075
32074
32073
32053
32050
32049
32048
32016
31989
31903
31902
31901
31900
31899
31845
31825
31799
31797
31780
31777
31770
31769
31767
31765
31762
31761
31760
31718
31716
31681
31641
31629
31628
31588
31585
31584
31582
31581
31579
31577
31572
31502
31491
31439
31438
31408
31407
31406
31405
31404
31390
31214
31213
31208
31207
31206
31186
31182
31178
31120
31119
31117
31116
31114
31093
31090
31089
31088
31083
31076
31074
31073
31072
31071
31070
31069
31067
31065
31032
31031
31030
31029
31028
31024
31021
31020
31018
31017
31016
31015
31010
31007
31006
31005
31001
31000
30999
30997
30996
30995
30994
30993
30992
30991
30990
30971
30932
30930
30913
30911
30908
30906
30905
30904
30894
30892
30891
30889
30888
30886
30884
30877
30876
30875
30872
30870
30869
30846
30834
30813
30812
30806
30804
30783
30768
30767
30764
30753
30730
30723
30708
30690
30688
30687
30685
30680
30676
30674
30673
30671
30666
30665
30664
30663
30662
30661
30658
30614
30605
30604
30603
30602
30601
30598
30596
30595
30594
30591
30582
30580
30572
30571
30566
30565
30563
30560
30559
30557
30556
30551
30550
30549
30546
30532
30526
30514
30511
30498
30492
30491
30486
30477
30460
30455
30451
30447
30416
30410
30386
30367
30364
30363
30361
30358
30357
30356
30352
30350
30339
30302
30300
30298
30297
30265
30242
30226
30213
30199
30190
30187
30185
30180
30179
30145
30130
30129
30127
30119
30114
30112
30110
30097
30095
30047
30044
30013
30008
30007
30004
30002
29984
29979
29974
29970
29963
29958
29948
29931
29927
29910
29907
29906
29905
29904
29900
29899
29896
29886
29850
29849
29848
29845
29843
29841
29835
29741
29729
29728
29727
29726
29725
29724
29723
29722
29720
29698
29686
29673
29666
29664
29661
29650
29647
29646
29640
29629
29628
29625
29623
29618
29617
29615
29613
29611
29603
29584
29580
29574
29559
29557
29556
29555
29554
29552
29505
29504
29503
29450
29449
29446
29445
29429
29426
29418
29417
29415
29405
29399
29397
29394
29392
29388
29385
29373
29365
29357
29356
29354
29348
29345
29344
29341
29337
29334
29332
29331
29329
29322
29321
29312
29308
29268
29257
29255
29251
29245
29244
29242
29240
29238
29235
29225
29217
29216
29215
29183
29177
29176
29175
29174
29173
29172
29171
29170
29168
29167
29165
29163
29161
29160
29159
29158
29155
29153
29152
29150
29149
29148
29145
29139
29118
29114
29112
29111
29110
29109
29107
29103
29102
29100
29098
29097
29095
29092
29091
29089
29088
29087
29086
29085
29084
29076
29074
29069
29068
29067
29065
29063
29061
29060
29057
29038
29037
29035
29032
29031
29029
29027
29025
29024
29022
29021
29004
29002
28999
28996
28995
28994
28993
28992
28989
28988
28987
28986
28985
28980
28979
28972
28954
28953
28948
28945
28942
28939
28938
28931
28924
28911
28906
28903
28897
28891
28889
28887
28885
28879
28878
28877
28871
28865
28862
28858
28856
28852
28851
28848
28819
28817
28784
28761
28755
28742
28741
28740
28701
28693
28690
28682
28671
28653
28648
28634
28628
28620
28602
28601
28598
28596
28594
28587
28583
28563
28553
28552
28551
28550
28549
28503
28501
28500
28498
28497
28495
28491
28490
28489
28488
28487
28486
28483
28481
28478
28477
28475
28474
28468
28467
28466
28464
28463
28462
28460
28459
28457
28444
28441
28439
28437
28432
28422
28421
28418
28416
28414
28409
28406
28404
28401
28379
28377
28376
28363
28335
28322
28321
28320
28318
28317
28316
28313
28311
28306
28289
28220
28219
28218
28200
28186
28185
28183
28181
28177
28171
28149
28122
28121
28120
28119
28118
28082
28081
28080
28078
28077
28076
28074
28071
28069
28066
28065
28040
28038
28034
28032
28031
28025
28024
28023
28021
28018
28012
28004
28003
28002
28001
28000
27998
27997
27996
27992
27991
27988
27984
27983
27972
27969
27967
27964
27963
27943
27940
27932
27918
27917
27915
27911
27909
27908
27907
27906
27905
27903
27900
27899
27896
27895
27894
27893
27892
27891
27890
27889
27888
27887
27886
27885
27884
27883
27882
27878
27877
27875
27874
27871
27869
27867
27865
27863
27860
27856
27855
27853
27852
27850
27829
27812
27796
27795
27794
27786
27785
27784
27783
27770
27768
27708
27697
27696
27647
27639
27637
27607
27587
27579
27575
27531
27529
27528
27527
27525
27508
27507
27504
27503
27501
27499
27498
27497
27496
27495
27493
27492
27488
27484
27482
27481
27480
27479
27477
27475
27473
27471
27451
27414
27413
27410
27409
27403
27319
27318
27317
27304
27302
27300
27299
27298
27221
27219
27217
27215
27109
27107
27105
27103
27096
27020
27019
27018
27017
27016
26986
26985
26978
26961
26957
26903
26902
26899
26883
26882
26880
26879
26878
26877
26876
26874
26871
26848
26811
26810
26808
26806
26805
26802
26800
26798
26796
26784
26783
26781
26780
26779
26760
26758
26753
26743
26737
26736
26721
26720
26719
26718
26717
26687
26686
26685
26633
26632
26617
26615
26614
26613
26610
26593
26501
26499
26454
26453
26451
26440
26437
26435
26432
26403
26402
26401
26400
26398
26397
26393
26321
26316
26280
26278
26240
26233
26195
26168
26153
26148
26147
26144
26141
26139
26077
26069
26067
26065
26061
26056
26054
26051
26043
26040
26037
26036
26033
26032
26019
26017
26016
26015
25958
25957
25956
25955
25954
25924
25923
25920
25919
25918
25905
25904
25903
25901
25899
25895
25894
25893
25891
25889
25887
25886
25885
25882
25881
25879
25876
25868
25855
25852
25836
25834
25820
25818
25817
25816
25815
25814
25809
25808
25807
25806
25805
25804
25801
25800
25799
25798
25786
25782
25778
25777
25775
25768
25767
25765
25764
25763
25762
25761
25758
25757
25754
25752
25751
25750
25748
25721
25718
25693
25672
25671
25670
25667
25666
25663
25659
25612
25605
25604
25602
25601
25598
25596
25593
25591
25590
25589
25585
25584
25582
25581
25567
25566
25565
25563
25561
25560
25559
25558
25556
25552
25551
25548
25547
25536
25533
25530
25529
25527
25526
25523
25510
25508
25496
25495
25494
25491
25490
25462
25459
25458
25454
25453
25445
25439
25438
25436
25426
25424
25423
25420
25416
25397
25391
25386
25383
25381
25379
25360
25358
25357
25355
25350
25349
25347
25345
25341
25339
25336
25334
25332
25316
25315
25313
25309
25305
25258
25254
25253
25252
25251
25250
25249
25237
25234
25232
25227
25223
25219
25215
25207
25206
25202
25198
25196
25194
25193
25191
25181
25180
25179
25178
25177
25176
25173
25172
25171
25169
25166
25162
25157
25153
25147
25127
25125
25124
25123
25112
25079
25078
25077
25065
25064
25063
25058
25056
25050
25039
25034
24994
24993
24991
24990
24981
24979
24977
24976
24975
24972
24959
24955
24951
24930
24929
24894
24878
24875
24874
24873
24871
24869
24867
24857
24855
24817
24816
24815
24813
24811
24810
24808
24807
24806
24804
24802
24801
24800
24799
24798
24797
24796
24795
24794
24789
24788
24782
24781
24773
24760
24752
24749
24746
24741
24725
24724
24723
24715
24711
24655
24654
24629
24597
24593
24592
24525
24521
24520
24517
24513
24511
24507
24503
24499
24498
24495
24488
24482
24480
24477
24472
24471
24450
24445
24443
24442
24438
24437
24435
24434
24428
24425
24424
24423
24421
24418
24416
24415
24411
24410
24406
24404
24401
24397
24395
24394
24392
24390
24386
24385
24380
24376
24372
24371
24367
24363
24362
24361
24360
24357
24349
24340
24333
24332
24330
24328
24326
24325
24320
24313
24311
24300
24289
24279
24278
24215
24214
24189
24127
24125
24124
24123
24120
24119
24117
24116
24113
24112
24110
24109
24104
24102
24094
24092
24091
24089
24088
24085
24082
24077
24073
24070
24066
24062
24061
24060
24058
24057
24056
24055
24053
24051
24046
24044
24038
24037
24036
24035
24027
24021
24018
24016
24015
24013
24011
24009
24004
24002
23999
23983
23973
23964
23959
23957
23954
23949
23945
23901
23900
23899
23883
23881
23870
23868
23863
23862
23859
23856
23855
23853
23846
23845
23824
23822
23817
23816
23813
23786
23779
23757
23754
23753
23752
23714
23713
23707
23695
23692
23689
23688
23687
23686
23685
23683
23682
23667
23662
23660
23658
23657
23656
23655
23652
23651
23618
23603
23602
23601
23599
23598
23597
23595
23593
23591
23588
23586
23585
23576
23574
23546
23544
23541
23540
23539
23537
23535
23534
23516
23485
23484
23480
23479
23464
23462
23433
23432
23431
23411
23408
23405
23403
23389
23387
23385
23345
23344
23343
23342
23340
23339
23336
23331
23303
23299
23298
23296
23294
23293
23281
23275
23274
23273
23272
23256
23249
23176
23157
23155
23154
23147
23146
23145
23110
23108
23106
23092
23091
23090
23066
23065
23062
23059
23055
23054
23053
23052
22977
22973
22966
22964
22961
22959
22939
22938
22935
22932
22931
22929
22927
22924
22913
22910
22899
22875
22851
22848
22845
22841
22839
22835
22831
22829
22828
22826
22825
22824
22823
22787
22786
22785
22784
22783
22774
22753
22752
22742
22740
22721
22720
22717
22714
22713
22710
22709
22707
22680
22679
22678
22672
22669
22667
22665
22661
22657
22652
22639
22638
22617
22602
22600
22598
22597
22596
22579
22570
22569
22551
22550
22549
22548
22547
22546
22505
22497
22479
22478
22474
22471
22466
22461
22460
22459
22448
22446
22445
22443
22442
22399
22395
22394
22393
22378
22337
22336
22335
22334
22325
22299
22297
22288
22287
22284
22276
22275
22272
22260
22259
22242
22241
22238
22235
22234
22233
22226
22224
22220
22218
22217
22215
22208
22143
22112
22111
22007
22005
22003
22002
22000
21999
21997
21995
21993
21992
21989
21987
21986
21984
21982
21973
21972
21971
21970
21968
21962
21847
21844
21842
21840
21839
21837
21831
21829
21828
21827
21825
21823
21821
21820
21819
21818
21817
21808
21797
21796
21783
21780
21777
21773
21765
21762
21759
21753
21752
21750
21748
21730
21728
21718
21716
21715
21714
21713
21712
21709
21705
21703
21700
21698
21697
21672
21662
21659
21657
21654
21651
21647
21644
21642
21641
21638
21631
21587
21585
21581
21579
21576
21574
21569
21566
21564
21561
21560
21557
21532
21528
21524
21513
21512
21511
21510
21506
21504
21502
21500
21484
21474
21471
21469
21466
21463
21460
21459
21457
21446
21445
21443
21442
21398
21397
21396
21393
21391
21388
21386
21384
21380
21375
21374
21373
21372
21371
21370
21369
21366
21330
21328
21327
21319
21317
21313
21311
21309
21305
21304
21302
21300
21295
21294
21278
21276
21263
21243
21241
21231
21226
21223
21221
21219
21183
21177
21176
21174
21173
21171
21169
21166
21163
21153
21152
21151
21127
21125
21120
21118
21116
21109
21103
21097
21095
21091
21090
21089
21084
21069
21064
21062
21061
21059
21058
21057
21051
21047
21042
21038
21033
21030
21029
21028
21027
21025
21023
21016
21015
21013
20981
20966
20965
20962
20961
20958
20955
20954
20950
20949
20948
20947
20946
20934
20932
20929
20923
20910
20906
20903
20902
20898
20897
20892
20886
20878
20871
20870
20849
20848
20816
20815
20813
20812
20811
20786
20757
20756
20755
20742
20727
20722
20713
20696
20695
20694
20691
20687
20670
20667
20664
20661
20626
20616
20588
20570
20568
20567
20511
20510
20476
20475
20458
20419
20417
20384
20382
20380
20379
20378
20377
20348
20317
20316
20301
20300
20292
20281
20280
20279
20269
20263
20256
20251
20249
20220
20219
20218
20205
20204
20203
20201
20144
20077
20072
20026
20011
20005
20000
19975
19974
19971
19957
19956
19913
19912
19910
19908
19893
19892
19888
19887
19886
19884
19838
19837
19836
19829
19807
19806
19805
19804
19803
19802
19801
19784
19783
19777
19759
19752
19751
19749
19748
19747
19722
19720
19719
19717
19704
19703
19680
19677
19676
19657
19610
19605
19603
19601
19589
19564
19563
19544
19541
19510
19509
19502
19501
19500
19492
19490
19464
19454
19451
19449
19375
19338
19337
19335
19333
19331
19330
19301
19300
19236
19235
19230
19205
19204
19203
19202
19201
19200
19154
19151
19150
19149
19148
19113
19077
19076
19073
19050
19036
19033
19031
19030
19029
19028
19026
19025
19011
19010
19008
19006
19005
19003
19002
19001
18999
18997
18996
18994
18993
18992
18990
18988
18987
18981
18980
18979
18975
18920
18858
18857
18854
18838
18832
18831
18829
18797
18796
18794
18761
18760
18759
18758
18708
18705
18703
18684
18661
18654
18651
18617
18610
18609
18608
18607
18606
18572
18570
18568
18549
18540
18538
18537
18531
18530
18514
18512
18510
18493
18491
18487
18449
18441
18437
18377
18369
18336
18335
18332
18306
18301
18277
18276
18275
18274
18273
18271
18249
18246
18242
18239
18238
18235
18232
18229
18225
18207
18206
18201
18198
18197
18175
18174
18171
18170
18169
18168
18144
18142
18141
18140
18109
18099
18098
18097
18091
18081
18077
18056
18055
18054
18052
18051
18050
18049
18047
18046
18028
18023
18022
18021
18019
18018
18017
18016
18015
18014
18013
18012
18011
17938
17928
17927
17925
17915
17914
17911
17909
17908
17906
17904
17903
17898
17883
17882
17881
17878
17877
17876
17875
17873
17872
17855
17844
17620
17619
17618
17617
17616
17615
17562
17561
17560
17557
17556
17554
17553
17474
17473
17472
17436
17435
17433
17432
17397
17396
17380
17366
17364
17362
17359
17348
17328
17327
17326
17325
17323
17321
17319
17307
17286
17285
17284
17282
17281
17279
17277
17276
17274
17269
17214
17211
17209
17207
17206
17205
17176
17118
17117
17116
17077
17076
17051
17049
17048
17047
17046
17044
17043
17018
17017
16986
16984
16980
16954
16953
16952
16949
16920
16918
16896
16895
16894
16871
16870
16843
16840
16835
16802
16757
16724
16717
16687
16673
16666
16648
16606
16571
16508
16501
16474
16434
16433
16399
16398
16362
16361
16359
16357
16353
16308
16290
16289
16262
16251
16213
16212
16211
16210
16207
16182
16180
16176
16175
16099
16095
16090
16089
16074
16073
16049
16048
16039
16037
16036
16035
16034
16014
16011
16010
15994
15989
15987
15986
15984
15981
15980
15957
15956
15952
15950
15949
15948
15947
15945
15926
15924
15923
15922
15921
15919
15918
15912
15893
15870
15868
15864
15863
15847
15838
15821
15819
15772
15770
15769
15768
15767
15761
15734
15732
15730
15687
15668
15667
15643
15639
15638
15634
15632
15607
15606
15602
15556
15536
15505
15497
15496
15485
15478
15465
15460
15457
15454
15449
15448
15433
15432
15430
15407
15366
15343
15342
15341
15317
15316
15315
15314
15313
15311
15310
15308
15307
15303
15301
15266
15264
15258
15255
15234
15230
15228
15201
15199
15176
15175
15174
15173
15172
15171
15170
15169
15154
15153
15137
15136
15135
15130
15120
15118
15117
15116
15110
15023
15020
15019
14984
14983
14982
14980
14979
14978
14977
14934
14930
14928
14922
14920
14919
14873
14870
14869
14867
14866
14826
14822
14799
14797
14793
14770
14769
14764
14725
14724
14703
14700
14699
14698
14697
14696
14695
14694
14667
14665
14663
14662
14658
14655
14653
14652
14640
14639
14619
14615
14613
14567
14552
14551
14550
14511
14509
14507
14506
14505
14504
14503
14502
14501
14500
14471
14470
14469
14468
14466
14465
14464
14435
14432
14430
14427
14426
14423
14417
14413
14407
14402
14396
14393
14392
14369
14368
14367
14366
14365
14325
14324
14323
14321
14306
14305
14304
14298
14297
14296
14293
14292
14289
14288
14287
14286
14285
14284
14281
14271
14270
14269
14266
14255
14253
14252
14222
14219
14217
14216
14215
14195
14194
14191
14182
14181
14168
14166
14160
14128
14126
14125
14123
14122
14121
14120
14111
14110
14107
14106
14104
14103
14102
14101
14099
14098
14097
14096
14093
14092
14091
14090
14088
14086
14037
14034
14024
13937
13936
13908
13895
13894
13893
13891
13889
13888
13886
13885
13884
13883
13882
13881
13880
13877
13876
13875
13874
13859
13856
13855
13853
13851
13850
13849
13847
13840
13839
13838
13837
13836
13834
13832
13831
13826
13825
13824
13822
13821
13798
13797
13743
13742
13740
13739
13738
13737
13718
13717
13716
13714
13713
13686
13685
13682
13681
13680
13678
13676
13663
13659
13658
13613
13612
13611
13610
13609
13608
13607
13599
13597
13596
13595
13594
13593
13592
13591
13590
13588
13577
13576
13574
13572
13570
13567
13566
13565
13563
13549
13548
13542
13541
13539
13538
13537
13536
13534
13533
13516
13515
13512
13510
13509
13466
13463
13461
13459
13458
13457
13456
13455
13453
13452
13431
13429
13426
13412
13411
13408
13407
13406
13405
13404
13403
13400
13399
13384
13379
13378
13377
13375
13373
13370
13369
13368
13367
13344
13341
13340
13339
13338
13337
13335
13322
13320
13269
13268
13267
13266
13265
13264
13263
13245
13244
13240
13238
13237
13235
13230
13227
13225
13224
13218
13217
13215
13211
13210
13207
13206
13202
13201
13198
13197
13196
13195
13194
13192
13191
13189
13188
13187
13186
13184
13183
13182
13181
13176
13175
13174
13173
13172
13171
13143
13140
13139
13136
13132
13125
13123
13121
13119
13118
13114
13112
13111
13110
13109
13095
13094
13093
13092
13091
13090
13089
13088
13087
13086
13085
13084
13072
13071
13070
13069
13064
13061
13056
13055
13053
13052
13051
13036
13030
13029
13028
13027
13025
13024
13022
13017
13016
13015
13014
13013
13009
13008
13002
13001
13000
12999
12998
12997
12992
12989
12983
12981
12979
12978
12976
12966
12965
12964
12963
12962
12955
12952
12951
12950
12949
12947
12945
12943
12941
12938
12908
12897
12895
12894
12893
12892
12891
12889
12885
12865
12864
12863
12861
12859
12858
12857
12851
12850
12849
12847
12844
12834
12833
12830
12826
12825
12824
12822
12819
12816
12814
12809
12806
12804
12791
12790
12789
12788
12787
12786
12785
12784
12783
12780
12778
12776
12775
12773
12768
12766
12765
12763
12761
12751
12746
12724
12722
12719
12716
12714
12706
12705
12703
12702
12700
12698
12696
12694
12693
12691
12690
12689
12687
12686
12680
12678
12677
12669
12668
12667
12665
12664
12659
12657
12656
12654
12652
12649
12648
12644
12643
12642
12637
12636
12635
12624
12622
12620
12618
12614
12612
12610
12609
12608
12605
12604
12601
12600
12599
12598
12597
12596
12589
12587
12585
12584
12583
12582
12581
12580
12579
12570
12562
12555
12554
12549
12546
12518
12517
12516
12515
12514
12513
12512
12508
12506
12505
12497
12496
12494
12492
12490
12485
12484
12481
12478
12477
12476
12475
12473
12471
12464
12463
12462
12461
12459
12458
12457
12456
12455
12454
12453
12451
12450
12449
12447
12444
12443
12442
12440
12439
12438
12436
12430
12429
12428
12426
12424
12423
12422
12421
12420
12419
12417
12416
12415
12413
12411
12410
12407
12404
12403
12402
12400
12396
12394
12393
12390
12388
12387
12386
12385
12384
12382
12380
12379
12378
12375
12372
12367
12365
12364
12362
12361
12359
12349
12345
12343
12329
12303
12302
12301
12300
12292
12290
12289
12288
12287
12286
12285
12284
12283
12281
12280
12277
12275
12274
12273
12272
12271
12267
12265
12260
12258
12257
12256
12255
12252
12251
12248
12242
12240
12239
12233
12232
12231
12229
12227
12223
12219
12218
12217
12216
12212
12201
12197
12196
12193
12189
12188
12187
12185
12184
12183
12181
12179
12178
12164
12163
12162
12159
12157
12153
12152
12146
12144
12142
12141
12138
12136
12133
12118
12116
12109
12108
12106
12105
12104
12103
12102
12101
12100
12094
12091
12089
12084
12082
12076
12075
12074
12073
12057
12056
12055
12053
12052
12049
12048
12047
12035
12033
12031
12030
12029
12019
12016
12015
12013
12012
12010
12007
12002
12001
12000
11995
11976
11975
11973
11969
11968
11967
11939
11931
11930
11929
11923
11922
11921
11913
11912
11911
11910
11909
11908
11907
11906
11905
11904
11903
11902
11901
11900
11899
11898
11897
11896
11895
11894
11874
11873
11872
11871
11870
11869
11868
11867
11866
11865
11862
11860
11850
11848
11847
11846
11845
11844
11827
11826
11825
11820
11818
11816
11815
11813
11812
11811
11808
11807
11806
11802
11800
11798
11797
11794
11792
11780
11778
11777
11776
11775
11772
11771
11768
11765
11761
11760
11759
11757
11756
11755
11753
11751
11749
11747
11746
11745
11743
11742
11740
11731
11728
11727
11726
11725
11724
11723
11722
11721
11720
11718
11716
11715
11710
11709
11707
11705
11699
11697
11696
11690
11689
11688
11679
11677
11676
11673
11672
11671
11670
11669
11668
11662
11660
11648
11647
11637
11636
11635
11634
11610
11609
11607
11606
11605
11601
11578
11577
11575
11574
11572
11571
11548
11547
11545
11543
11542
11541
11537
11536
11535
11534
11533
11532
11530
11529
11527
11525
11523
11520
11519
11516
11515
11513
11508
11505
11496
11495
11492
11491
11490
11489
11486
11485
11483
11482
11481
11480
11477
11476
11469
11468
11467
11435
11434
11433
11414
11412
11407
11406
11405
11403
11402
11401
11398
11397
11396
11387
11385
11384
11381
11372
11371
11370
11369
11367
11365
11364
11361
11360
11358
11357
11356
11355
11354
11352
11350
11349
11348
11347
11346
11345
11340
11336
11328
11322
11312
11311
11310
11308
11307
11305
11304
11303
11292
11291
11290
11289
11288
11286
11284
11282
11281
11280
11279
11278
11276
11275
11273
11269
11267
11265
11264
11263
11260
11259
11257
11241
11240
11239
11238
11237
11236
11235
11222
11220
11219
11218
11216
11215
11214
11197
11196
11195
11195
11194
11193
11192
11191
11188
11185
11183
11182
11181
11179
11178
11177
11160
11158
11156
11153
11152
11149
11148
11147
11144
11143
11142
11140
11138
11133
11132
11131
11124
11123
11122
11121
11119
11118
11111
11108
11105
11104
11103
11102
11101
11091
11090
11088
11086
11085
11084
11081
11079
11078
11076
11074
11046
11045
11044
11043
11042
11041
11040
11038
11037
11036
11034
11033
11032
10996
10995
10994
10987
10983
10981
10979
10977
10974
10973
10969
10967
10966
10965
10964
10963
10948
10947
10942
10940
10938
10936
10924
10923
10921
10918
10917
10915
10914
10909
10908
10907
10869
10863
10862
10843
10842
10840
10839
10838
10836
10825
10822
10820
10819
10812
10797
10796
10788
10779
10778
10777
10776
10775
10772
10770
10769
10768
10766
10764
10763
10762
10761
10715
10710
10706
10705
10698
10697
10692
10690
10679
10673
10672
10670
10662
10661
10637
10633
10632
10630
10625
10617
10606
10605
10603
10587
10584
10580
10579
10578
10577
10573
10572
10571
10570
10569
10535
10525
10522
10521
10520
10519
10518
10517
10501
10500
10499
10498
10497
10483
10481
10471
10468
10465
10459
10457
10454
10448
10425
10417
10416
10414
10409
10405
10404
10394
10393
10392
10390
10388
10387
10383
10380
10378
10375
10369
10367
10362
10357
10356
10354
10325
10324
10323
10322
10321
10320
10318
10317
10315
10313
10312
10311
10305
10304
10303
10302
10294
10284
10282
10249
10248
10247
10245
10240
10238
10236
10235
10234
10230
10229
10228
10227
10226
10225
10224
10222
10220
10219
10218
10217
10215
10214
10213
10205
10196
10187
10186
10184
10182
10181
10180
10172
10171
10169
10167
10166
10165
10164
10079
10078
10077
10076
10075
10074
10073
10072
10071
10070
10069
10068
10067
10066
10065
10064
10060
10057
10056
10055
10054
10053
10052
10051
10050
10048
10047
10044
10042
9981
9980
9978
9976
9974
9973
9971
9969
9968
9967
9965
9963
9962
9961
9960
9959
9958
9957
9955
9954
9953
9951
9949
9947
9946
9945
9944
9915
9914
9913
9912
9911
9909
9908
9907
9906
9904
9903
9902
9901
9900
9899
9898
9896
9895
9893
9892
9890
9889
9888
9886
9885
9884
9883
9882
9881
9845
9812
9811
9809
9807
9806
9805
9804
9802
9801
9799
9798
9797
9795
9793
9792
9791
9790
9789
9787
9785
9784
9783
9781
9780
9778
9777
9776
9775
9774
9773
9772
9771
9770
9769
9768
9740
9739
9736
9733
9731
9730
9729
9727
9726
9725
9723
9722
9721
9719
9717
9716
9715
9714
9713
9707
9706
9705
9704
9703
9702
9701
9661
9660
9659
9612
9611
9610
9609
9606
9605
9604
9600
9597
9583
9581
9422
9421
9362
9253
9233
9232
9231
9230
9229
9228
9227
9161
9160
9159
8885
8716
7972
7710
7359
7353
6915
6660
6414
4764
2249
