45
1
4
2
7
588
65
22
48
278
20
10
1333
368
9
258
12
76
233
846
72
11
146
244
6
28
6640
432
393
287
6797
441
181
7170
68
1852
6875
7221
172
148
1345
1495
71
1398
3358
379
848
61
1835
197
224
3
1736
39
13
5053
167
265
8
19
442
126
120
6479
6702
6081
31
133
165
1359
296
237
2592
6539
290
541
843
6854
7198
1332
33
23
27
6819
7092
2465
2691
150
1929
6687
36
47
54
49
95
107
3376
6893
330
456
34
332
470
1455
1589
1639
134
1022
6855
15
82
559
2459
6944
100
4731
6807
195
2272
3302
6853
111
255
613
452
844
6529
16
193
328
366
587
1032
1099
1291
5243
6604
315
1787
295
306
334
502
2208
7388
29
81
308
293
708
1364
288
1625
1912
2069
2746
277
5
1376
2148
851
1846
6568
6601
6673
7218
62
178
440
574
1753
1803
3775
4823
18
98
214
273
354
954
1362
2176
2524
2569
2751
17
157
205
471
1092
2579
6374
6879
113
26
1107
1387
2498
2683
7381
198
661
667
754
5341
7069
6889
14
151
257
352
1617
1619
2674
5678
6896
6980
7043
7436
163
279
337
394
412
614
1114
1375
1482
7135
1778
153
333
685
906
1386
6876
7071
7235
225
316
380
467
650
1036
1409
1476
1656
2134
2631
4877
6965
121
7403
7427
7446
7495
7502
736
32
94
264
1925
1999
6700
7117
7148
7163
364
250
262
388
556
692
886
1432
2074
2385
2565
2661
2721
5651
6634
6890
35
139
378
709
1450
1604
2001
6596
6611
7011
7068
7400
25
612
640
721
890
1131
1149
1344
1379
1673
1715
1934
2102
2615
2714
3277
3568
6968
7201
6857
7387
7459
21
55
212
245
619
601
1363
1643
1784
2060
3304
4280
6441
6810
7041
7204
7331
7437
7439
426
391
566
845
1862
2090
3927
5449
6524
6582
6967
7260
7395
7448
7463
7516
70
268
339
317
533
738
868
887
1054
1416
1448
1525
1559
1543
1557
1711
2139
2153
3734
5967
6574
6788
6821
7101
7128
7373
7389
7655
96
102
103
174
280
350
404
486
534
790
923
964
974
1411
1606
1704
1743
1745
1856
1917
1904
1944
2984
5022
6928
7058
7239
7441
7440
7450
109
158
160
221
341
411
418
462
577
624
641
893
1459
1616
1800
1853
1918
2173
2251
2440
2435
2762
2923
3812
6463
6492
6822
6942
6920
7004
7030
7215
7288
1788
7414
7420
7449
87
188
252
298
342
482
634
734
783
1116
1211
1382
1608
1661
1865
2127
2158
2221
2343
2325
2446
2527
2654
3097
3213
5179
6459
6773
6842
6845
6882
7067
7468
7554
7653
1671
80
97
303
396
453
608
1700
1794
1927
1939
2215
2359
2431
2428
2463
2745
3345
5169
6749
6735
6798
7061
7059
7064
7156
7130
7196
7176
7207
7461
7444
7486
7493
7531
7533
2680
7658
30
130
192
309
428
621
676
786
810
1343
1493
1576
1621
1769
1762
1809
1874
2722
2768
2977
3950
4000
4824
5025
5155
5430
5561
6515
6508
6636
6704
6778
6902
6886
7000
7027
7079
7119
7228
7391
7391
7413
7458
7497
7595
7672
66
127
194
256
421
581
623
722
835
915
1031
1140
1879
1898
2014
2082
2132
2381
2399
2416
2582
2726
2971
3182
3195
5275
5401
6462
6571
6823
6856
7133
7144
7153
7254
7406
7550
7620
79
169
180
191
204
283
468
626
670
665
781
827
797
876
888
992
1105
1276
1336
1477
1511
1560
1600
1633
1649
1756
1981
2137
2274
2350
2741
2734
3352
3460
3608
4008
4949
5069
5406
6434
6610
6696
6767
6828
6916
6925
7012
7066
7157
7191
7165
7205
7290
7325
7310
7311
7410
7500
7552
7621
7608
7678
7668
7683
86
106
129
199
299
297
370
406
463
457
796
1272
1317
1326
1551
1640
1901
1946
1962
2207
2413
2424
2677
2731
3033
3014
5626
5698
6531
6818
6866
6898
6943
6988
6981
7015
7053
7097
7238
7348
7394
7412
7455
7457
7462
7475
7524
7567
7598
7627
7689
119
190
228
269
430
431
407
485
693
802
896
969
1120
1139
1179
1245
1240
1366
1492
1565
1710
1691
2091
2111
2136
2203
2279
2362
2602
2668
2681
3669
4158
4830
4847
5195
6365
6525
6513
6651
6731
6737
6783
6777
6964
6972
7009
7002
7048
7035
7073
7086
7100
7252
7318
7405
7452
7434
7465
7474
7501
7482
7487
7485
7506
7508
7519
7576
50
44
200
340
409
419
519
511
569
651
715
761
951
976
1090
1151
1325
1368
1454
1613
1692
1685
1719
1729
1843
1871
1883
1899
2056
2234
2270
2266
2329
2365
2402
2584
2709
2744
2827
3026
3035
3147
3628
4786
4831
5336
5797
6203
6504
6501
6535
6562
6793
6820
6883
6900
6984
7062
7114
7245
7314
7374
7397
3232
7419
7469
7480
7481
7489
7503
7555
7587
7634
69
154
184
208
249
272
448
480
505
628
638
694
791
860
922
1091
1119
1111
1206
1239
1352
1554
1607
1653
1799
1804
1930
1915
1961
1985
1987
1994
2073
2105
2170
2209
2284
2328
2488
2512
2548
2553
2581
4772
5177
5441
5727
6283
6678
6672
6698
6699
6755
6765
6808
6895
6975
7042
7065
7084
7126
7150
7158
7233
7351
7401
7404
7467
7473
7479
7488
7492
7510
6465
7553
7545
7601
75
170
183
358
450
591
675
689
747
863
1141
1136
1428
1429
1481
1558
1725
1796
2185
2333
2366
2543
2574
2642
2648
2732
3060
3149
3255
3426
3650
4194
5409
5442
6443
6476
6555
6618
6813
7055
7078
7106
7112
7147
7132
7168
7193
7203
7240
7326
7426
7418
7433
7435
1029
7523
7551
7556
7561
7562
7649
7647
7650
7530
51
42
104
176
196
246
311
401
392
399
408
423
434
497
508
513
522
551
557
595
768
818
939
966
983
1018
1051
1070
1122
1214
1250
1244
1393
1381
1437
1425
1508
1544
1781
1781
1848
1900
1943
2021
2079
2083
2223
2199
2243
2250
2298
2280
2356
2383
2462
2558
2684
2723
2759
2761
2772
3047
3038
3077
3154
3209
3237
3351
3361
3411
3551
3600
3772
3813
3934
4540
4842
4876
5494
5607
5875
5992
6042
6135
6212
6273
6503
6602
6659
6661
6741
6803
6787
6839
6827
6809
6846
6894
6976
6989
7060
7031
7103
7118
7236
7231
7270
7306
7317
7327
7309
7362
7350
374
7376
7385
7484
7472
7496
7529
7578
7582
7654
7629
56
60
114
131
155
168
286
271
300
304
327
377
376
360
369
373
415
416
429
478
498
512
561
564
562
584
622
677
755
779
942
998
1088
1142
1171
1205
1223
1249
1262
1255
1269
1296
1354
1383
1351
1413
1514
1512
1537
1631
1626
1632
1682
1699
1815
1820
1824
1931
1952
1958
1990
2197
2180
2253
2361
2468
2494
2518
2493
2609
2649
2747
2742
2879
4007
4079
4270
4268
4421
4621
4697
4952
5228
5330
5462
6460
6435
6495
6547
6549
6594
6623
6664
6663
6754
6815
6850
6923
6908
6969
7036
7047
7082
7105
7127
7111
7174
7166
7202
7206
7217
7214
7244
7267
7253
7312
7346
7363
7390
7402
7407
7411
7447
7456
7499
7507
7509
7520
6607
7528
7536
7526
7566
7577
7573
7583
7588
7631
7673
7700
7694
58
115
164
240
398
362
410
424
474
449
527
532
550
593
593
642
728
770
794
814
852
853
885
877
1001
1015
1055
1046
1075
1130
1165
1208
1312
1355
1491
1502
1515
1536
1646
1735
1830
1805
1923
1902
1885
1947
1935
1968
1986
1977
2061
2067
2085
2110
2110
2120
2138
2247
2376
2401
2411
2442
2517
2557
2598
2576
2669
2690
2697
2729
2767
2779
2986
2976
2976
3036
3085
3137
3163
3242
3632
4231
4367
4898
5092
5117
5196
5491
5966
5979
6493
6496
6617
6620
6620
6630
6725
6747
6834
6872
6874
6897
6926
6930
6948
7014
7010
6991
7025
7096
7089
7123
7136
7131
7151
7175
7212
7271
7304
7352
7428
7432
7466
7476
7470
7464
7478
7498
7494
7535
7569
7572
7565
7585
7593
7584
7603
7605
7609
7602
7615
7611
7636
6913
2117
7679
40
110
136
179
186
215
230
274
291
323
324
312
325
356
346
344
372
386
405
469
458
495
479
524
552
578
631
611
671
658
654
700
696
690
743
756
759
763
822
857
903
894
882
962
1026
1042
1065
1066
1053
1113
1220
1200
1281
1285
1293
1295
1316
1308
1306
1347
1408
1439
1452
1446
1474
1466
1461
1499
1507
1517
1539
1583
1555
1569
1654
1695
1696
1713
1761
1757
1765
1773
1780
1825
1864
1854
1881
1894
1864
1881
1916
1974
1971
1978
1989
2038
2071
2046
2126
2156
2196
2225
2249
2255
2300
2339
2311
2363
2441
2445
2470
2464
2500
2483
2522
2523
2531
2566
2545
2583
2600
2629
2626
2611
2616
2667
2641
2656
2656
2702
2760
2739
2740
2781
2794
2812
2818
2822
2899
2913
2962
2999
3062
3123
3170
3219
3253
3270
3259
3337
3346
3393
3422
3493
3538
3508
3606
3596
3674
3668
3681
3692
3755
3759
3793
3959
4129
4149
4159
4197
4323
4407
4439
4664
4665
4770
4821
4868
4918
5020
5039
5188
5232
5302
5325
5367
5398
5488
5451
5495
5558
5549
5696
5792
5849
5881
6052
6073
6098
6128
6152
6433
6471
6537
6544
6511
6627
6603
6646
6688
6665
6674
6671
6679
6707
6703
6760
6770
6764
6757
6794
6795
6840
6826
6847
6877
6904
6922
6956
6977
6931
6963
7003
7056
7057
7028
7046
7051
7063
7110
7088
7124
7120
7134
7113
7162
7200
7242
7264
7283
7334
7365
7359
7360
7368
7355
7399
7409
7443
7483
7490
7491
7505
7541
7540
7570
7564
7580
7592
7606
7581
7619
7614
2719
7709
140
135
125
141
124
173
171
210
218
263
276
326
322
375
359
382
384
385
436
439
477
492
535
526
582
617
652
713
680
704
705
717
752
752
785
874
910
956
1033
1040
1049
1038
1084
1089
1118
1186
1183
1163
1197
1204
1247
1231
1282
1259
1277
1265
1284
1370
1350
1414
1392
1460
1500
1472
1532
1597
1574
1611
1662
1663
1645
1659
1672
1701
1732
1733
1738
1785
1872
1887
1919
1955
1992
2008
2007
2033
2053
2055
2077
2142
2116
2166
2194
2194
2302
2364
2368
2370
2414
2405
2443
2485
2481
2540
2541
2573
2632
2657
2643
2698
2660
2778
2749
2803
2793
2839
2882
2981
3007
3100
3126
3208
3252
3301
3317
3466
3532
3583
3584
3601
3663
3642
3683
3757
3818
3907
3953
3957
4006
4058
4084
4349
4355
4384
4501
4638
4674
4711
4834
4829
4874
4944
4981
5171
5244
5301
5313
5328
5427
5439
5515
5522
5598
5687
5721
5758
5816
5796
5862
5880
5904
5943
6005
6088
6326
6338
6417
6427
6486
6499
6510
6564
6570
6593
6608
6622
6650
6615
6670
6675
6662
6666
6691
6790
6799
6806
6843
6841
6849
6861
6899
6901
6940
6958
6959
6960
6954
6979
6992
6973
7023
7008
7034
7049
7081
7070
7145
7146
7139
7155
7164
7171
7213
7256
7268
7319
7324
7315
7416
7425
7453
7532
553
7548
7563
7579
7589
7600
7610
7591
7612
7635
7648
7685
7680
7690
7703
101
116
118
99
123
166
223
241
305
345
420
435
473
555
558
563
643
644
615
669
662
691
729
725
753
834
830
836
897
952
990
1037
1027
1052
1067
1104
1138
1156
1145
1178
1196
1167
1209
1207
1203
1246
1270
1266
1319
1365
1327
1388
1374
1418
1399
1433
1496
1516
1538
1533
1581
1592
1638
1644
1689
1712
1718
1712
1771
1774
1839
1797
1827
1896
2011
2020
2024
2063
2104
2162
2169
2187
2172
2242
2244
2219
2263
2276
2295
2285
2309
2432
2417
2452
2482
2491
2530
2562
2559
2538
2591
2570
2614
2607
2612
2652
2675
2687
2738
2766
2846
2829
2888
2878
2903
2942
3029
3037
3044
3056
3105
3144
3132
3189
3246
3471
3441
3486
3543
3590
3592
3651
3740
3909
3921
3928
3973
4138
4218
4276
4265
4318
4356
4373
4523
4532
4537
4725
4843
5090
5474
5502
5679
5713
5697
5773
5778
6060
6130
6261
6383
6458
6461
6451
6546
6554
6554
6578
6606
6586
6642
6643
6660
6782
6772
6785
6838
6867
6869
6887
6870
6927
6932
6929
6912
6946
6946
6970
6971
7001
6986
7040
7090
7102
7093
7108
7177
7209
7226
7255
7261
7284
7301
7328
7329
7333
7329
7337
7356
7369
4001
7379
7417
7415
7471
7504
7544
7549
7547
7557
7574
7594
7575
7586
7597
7616
7623
7618
7626
7651
5297
7666
7646
7667
7661
7684
7697
24
38
53
149
142
162
112
187
189
201
226
211
227
222
207
247
266
251
235
238
270
282
301
289
294
321
313
353
365
365
363
353
361
397
389
400
422
417
413
454
438
447
475
461
465
501
487
488
490
475
499
501
518
530
560
536
538
540
543
546
549
598
599
583
565
580
573
596
618
573
618
609
627
620
635
647
672
664
716
718
719
698
710
712
724
702
720
741
746
726
737
740
782
788
793
766
777
784
826
823
824
805
806
821
813
801
795
861
862
861
862
859
839
840
849
856
871
865
878
879
905
898
900
895
907
880
892
924
926
924
926
914
912
905
918
938
960
943
941
957
968
970
978
981
980
972
999
1000
997
1021
1023
1028
1034
1035
1025
1008
1041
1007
1014
1043
1068
1064
1062
1093
1115
1108
1109
1101
1102
1109
1093
1124
1126
1176
1161
1188
1148
1135
1184
1168
1202
1198
1199
1215
1222
1193
1212
1216
1228
1251
1260
1268
1264
1236
1263
1257
1254
1292
1283
1286
1302
1275
1331
1309
1318
1328
1310
1315
1322
1356
1357
1349
1340
1341
1346
1378
1380
1372
1394
1395
1384
1438
1431
1436
1401
1421
1405
1462
1463
1464
1465
1451
1449
1470
1441
1473
1483
1485
1501
1478
1479
1480
1471
1498
1488
1518
1513
1504
1505
1546
1541
1528
1513
1535
1553
1598
1601
1586
1587
1596
1566
1593
1582
1655
1642
1605
1651
1609
1693
1678
1679
1681
1683
1684
1697
1665
1658
1687
1720
1716
1717
1714
1724
1726
1740
1746
1737
1764
1755
1768
1770
1772
1776
1791
1786
1817
1818
1807
1808
1821
1822
1798
1801
1812
1792
1819
1828
1829
1841
1840
1841
1842
1858
1859
1834
1836
1895
1869
1873
1867
1928
1910
1911
1897
1909
1933
1906
1945
1957
1936
1933
1950
1964
1965
1966
1972
1973
1957
1959
1975
1976
1970
1979
1982
1956
1984
2034
2036
2012
1998
2023
1993
1995
2027
2059
2057
2047
2068
2062
2039
2054
2089
2099
2112
2097
2070
2149
2150
2130
2157
2150
2152
2145
2154
2141
2144
2159
2164
2190
2192
2179
2181
2174
2178
2188
2182
2193
2186
2224
2218
2220
2198
2226
2227
2202
2216
2233
2245
2246
2248
2240
2241
2256
2258
2239
2267
2269
2273
2271
2301
2303
2307
2287
2312
2275
2319
2340
2342
2330
2331
2334
2344
2352
2324
2335
2373
2374
2360
2358
2355
2367
2369
2378
2419
2420
2415
2403
2396
2407
2410
2425
2427
2451
2436
2457
2422
2471
2472
2495
2457
2520
2521
2499
2495
2510
2507
2496
2516
2504
2533
2534
2544
2537
2547
2539
2525
2529
2585
2563
2585
2599
2588
2571
2601
2590
2578
2596
2620
2621
2622
2613
2633
2603
2650
2651
2637
2638
2653
2655
2671
2653
2658
2717
2710
2693
2696
2735
2720
2728
2705
2758
2756
2757
2750
2748
2783
2773
2790
2780
2798
2764
2797
2777
2800
2801
2802
2826
2813
2819
2807
2825
2809
2834
2835
2869
2858
2881
2872
2831
2837
2861
2850
2883
2884
2891
2893
2906
2901
2889
2910
2887
2908
2919
2920
2921
2922
2947
2930
2948
2960
2954
2928
2930
2947
2948
2952
2940
2972
2973
3000
2992
2970
2966
2982
2988
3002
3023
3024
3027
3018
2988
3009
3024
3027
3048
3049
3046
3040
3043
3028
3032
3023
3076
3055
3057
3050
3051
3066
3068
3072
3088
3089
3090
3091
3092
3080
3081
3087
3111
3098
3093
3104
3084
3121
3118
3119
3125
3143
3131
3138
3133
3117
3165
3166
3167
3157
3168
3169
3152
3153
3178
3179
3172
3176
3173
3161
3200
3201
3210
3211
3197
3198
3199
3206
3188
3190
3185
3192
3215
3238
3239
3240
3220
3233
3226
3227
3225
3243
3221
3240
3243
3247
3233
3250
3279
3280
3272
3285
3263
3291
3278
3267
3281
3303
3297
3318
3319
3293
3310
3313
3308
3315
3347
3340
3341
3338
3339
3329
3321
3350
3322
3368
3369
3373
3366
3359
3383
3357
3363
3388
3392
3399
3400
3373
3395
3383
3369
3421
3427
3428
3418
3419
3424
3425
3430
3406
3433
3415
3459
3437
3418
3440
3465
3467
3459
3443
3444
3445
3452
3468
3456
3477
3450
3464
3489
3490
3504
3498
3495
3495
3501
3521
3522
3526
3527
3536
3540
3533
3534
3515
3519
3558
3559
3552
3546
3562
3577
3557
3594
3549
3588
3617
3618
3603
3604
3607
3615
3622
3610
3621
3629
3659
3660
3635
3652
3657
3658
3630
3627
3672
3649
3665
3646
3657
3694
3702
3703
3699
3712
3678
3686
3707
3732
3733
3724
3735
3719
3738
3713
3741
3727
3729
3768
3769
3753
3754
3751
3767
3744
3764
3742
3785
3786
3787
3788
3777
3803
3779
3799
3809
3810
3824
3825
3821
3799
3816
3830
3831
3844
3845
3835
3853
3841
3828
3849
3854
3855
3848
3865
3866
3863
3864
3870
3871
3885
3876
3869
3857
3874
3879
3880
3897
3898
3914
3932
3903
3936
3937
3905
3895
3911
3960
3961
3948
3949
3962
3963
3951
3967
3955
3958
3976
3940
3991
3992
3986
3987
3996
4011
4021
3996
4011
4017
4002
4003
4016
3992
4004
4035
4037
4027
4028
4038
4039
4057
4064
4049
4043
4055
4083
4055
4057
4076
4077
4094
4096
4064
4087
4074
4067
4104
4105
4106
4131
4132
4108
4110
4130
4127
4130
4127
4114
4116
4118
4148
4157
4162
4163
4165
4166
4146
4139
4140
4155
4144
4150
4183
4185
4191
4175
4191
4193
4163
4181
4189
4178
4169
4219
4221
4214
4215
4204
4206
4208
4212
4195
4223
4241
4225
4219
4241
4255
4256
4248
4254
4235
4237
4261
4242
4263
4290
4291
4279
4281
4271
4272
4309
4295
4296
4302
4267
4303
4306
4321
4322
4313
4315
4348
4357
4358
4361
4342
4338
4350
4328
4396
4397
4369
4370
4382
4385
4388
4389
4392
4376
4371
4381
4406
4401
4420
4411
4415
4435
4436
4425
4422
4423
4429
4460
4425
4452
4435
4448
4429
4436
4481
4483
4460
4461
4457
4458
4484
4485
4486
4477
4478
4487
4489
4469
4472
4474
4512
4514
4508
4509
4511
4520
4500
4519
4515
4503
4504
4542
4524
4525
4528
4529
4531
4545
4560
4542
4533
4563
4535
4549
4591
4593
4580
4581
4578
4579
4576
4577
4570
4596
4565
4574
4588
4607
4608
4609
4624
4625
4618
4620
4602
4603
4639
4640
4611
4612
4637
4641
4642
4606
4657
4684
4686
4678
4683
4684
4645
4646
4642
4698
4714
4702
4724
4723
4716
4686
4707
4693
4727
4728
4747
4748
4766
4767
4767
4747
4761
4752
4763
4738
4791
4792
4793
4794
4795
4796
4774
4803
4783
4790
4805
4841
4845
4846
4836
4822
4810
4811
4818
4809
4826
4885
4886
4875
4848
4849
4881
4884
4861
4872
4854
4893
4895
4897
4911
4916
4917
4890
4889
4900
4923
4935
4936
4937
4925
4945
4932
4933
4939
4927
4928
4930
4940
4973
4968
4969
4970
4974
4975
4962
4964
4966
4988
4973
4978
4986
4987
4960
5021
5006
5008
5036
5037
4996
5027
5018
5056
5037
5059
5061
5036
5065
5066
5041
5044
5058
5047
5102
5104
5068
5083
5084
5100
5106
5108
5079
5070
5081
5145
5147
5143
5144
5148
5149
5127
5133
5138
5129
5130
5123
5136
5178
5166
5168
5178
5175
5160
5185
5182
5180
5168
5203
5204
5211
5212
5207
5199
5200
5215
5192
5197
5201
5238
5239
5221
5238
5239
5256
5257
5215
5226
5227
5247
5272
5281
5282
5278
5274
5263
5267
5285
5268
5258
5308
5282
5281
5292
5323
5314
5315
5308
5309
5316
5311
5305
5322
5318
5342
5356
5357
5354
5361
5362
5326
5373
5338
5375
5386
5387
5383
5377
5378
5403
5382
5395
5404
5408
5419
5444
5410
5425
5423
5420
5414
5482
5460
5468
5465
5457
5454
5461
5499
5500
5501
5492
5493
5507
5511
5512
5490
5513
5497
5503
5557
5501
5532
5533
5503
5547
5584
5570
5557
5539
5582
5569
5564
5623
5624
5625
5616
5617
5608
5600
5586
5653
5616
5617
5623
5624
5649
5622
5640
5645
5625
5671
5672
5673
5692
5693
5659
5660
5689
5684
5685
5671
5683
5684
5710
5685
5675
5739
5740
5741
5736
5737
5724
5725
5716
5717
5747
5714
5720
5722
5730
5747
5770
5783
5767
5741
5780
5772
5791
5798
5799
5803
5805
5786
5787
5808
5807
5801
5795
5819
5820
5811
5840
5826
5828
5821
5822
5815
5825
5831
5830
5856
5857
5867
5869
5845
5877
5846
5873
5915
5912
5920
5902
5910
5923
5898
5897
5887
5939
5940
5941
5944
5946
5948
5937
5932
5933
5956
5961
5935
5957
5948
5956
5961
5977
5980
5963
5957
5993
6007
6008
6012
5990
5997
5998
5983
6016
6006
5984
6023
6024
6040
6018
6019
6045
6021
6027
6031
6032
6035
6028
6061
6053
6066
6064
6046
6048
6069
6094
6083
6093
6069
6115
6094
6119
6120
6093
6113
6100
6102
6104
6148
6149
6150
6143
6144
6145
6125
6142
6136
6129
6158
6154
6160
6142
6148
6138
6178
6163
6186
6170
6189
6183
6173
6181
6168
6202
6221
6222
6223
6196
6191
6192
6214
6204
6205
6218
6200
6276
6263
6264
6265
6244
6245
6246
6252
6256
6247
6248
6260
6228
6282
6269
6318
6319
6313
6291
6292
6322
6305
6328
6320
6315
6310
6350
6351
6358
6359
6336
6337
6341
6359
6360
6373
6362
6353
6377
6358
6368
6348
6386
6387
6394
6395
6378
6379
6388
6390
6391
6407
6381
6398
6384
6412
6413
6414
6437
6428
6411
6425
6429
6421
6469
6470
6473
6468
6466
6456
6450
6455
6453
6505
6507
6491
6494
6477
6482
6489
6485
6536
6527
6528
6545
6530
6532
6518
6519
6553
6540
6551
6556
6558
6580
6599
6576
6597
6592
6565
6583
6628
6632
6638
6616
6619
6644
6645
6653
6658
6647
6649
6701
6683
6685
6710
6711
6716
6701
6713
6714
6708
6718
6721
6745
6746
6742
6743
6724
6738
6727
6729
6761
6746
6742
6743
6738
6771
6762
6780
6781
6775
6776
6779
6774
6816
6817
6805
6824
6852
6848
6859
6836
6848
6881
6873
6885
6903
6892
6915
6910
6955
6924
6966
6937
6951
7006
7007
6982
6983
6987
6994
7020
6994
7020
7050
7085
7087
7099
7083
7125
7138
7122
7140
7190
7192
7195
7185
7178
7234
7232
7229
7219
7223
7241
7237
7275
7276
7277
7247
7305
7281
7302
7296
7289
7298
7335
7323
7313
7336
7344
7366
7347
7344
7375
7377
7371
7370
5240
7380
7386
7384
2857
7421
7424
7431
7442
7521
7518
7517
7525
7534
7538
7560
7558
7543
7568
7559
7596
7590
7607
7624
7628
7642
7637
7645
7639
7665
7643
7656
7657
7691
7696
7698
7681
7682
7695
7699
7707
59
43
85
89
84
77
67
92
93
122
108
117
128
138
137
147
143
159
152
161
177
206
185
213
243
231
242
248
267
253
261
310
314
319
319
335
367
351
348
347
343
387
402
427
433
425
443
444
459
446
460
451
507
472
459
507
500
516
517
521
494
510
483
523
525
531
542
539
547
586
570
572
632
616
590
625
594
605
649
633
674
659
655
663
714
695
682
711
697
735
730
731
732
750
714
772
773
774
762
764
750
751
765
758
760
778
798
792
799
800
789
776
804
803
808
819
804
803
828
825
854
831
837
883
884
909
891
867
869
904
889
901
930
931
919
920
925
927
935
934
916
913
965
967
979
947
987
985
959
973
993
994
1009
1010
1012
991
1005
1002
995
1013
1045
1030
1024
1044
1017
1082
1083
1072
1073
1077
1078
1060
1061
1071
1097
1077
1078
1081
1103
1085
1110
1146
1132
1117
1121
1134
1153
1155
1172
1173
1180
1181
1187
1160
1190
1194
1166
1175
1221
1217
1213
1201
1210
1219
1226
1227
1232
1258
1238
1241
1279
1280
1271
1290
1304
1311
1294
1290
1307
1298
1342
1329
1330
1320
1323
1334
1313
1353
1371
1367
1369
1373
1348
1415
1415
1391
1422
1423
1419
1400
1426
1427
1458
1440
1443
1430
1453
1467
1444
1435
1497
1510
1506
1486
1487
1475
1534
1519
1521
1531
1523
1526
1540
1550
1552
1563
1572
1573
1556
1545
1548
1570
1577
1602
1578
1590
1588
1585
1594
1627
1628
1629
1630
1622
1623
1624
1664
1641
1666
1667
1647
1635
1706
1707
1706
1707
1702
1703
1676
1677
1708
1686
1751
1752
1734
1741
1730
1722
1744
1748
1789
1790
1775
1777
1779
1775
1813
1806
1816
1802
1795
1810
1793
1831
1844
1845
1826
1851
1849
1837
1876
1877
1878
1855
1886
1863
1884
1880
1868
1920
1922
1892
1905
1924
1908
1951
1954
1938
1949
1932
2003
2004
2005
1988
1969
2003
2006
2004
2005
2026
2028
2009
2010
2022
2029
2030
2015
2016
2018
2032
2042
2043
2052
2037
2058
2041
2064
2076
2078
2072
2084
2086
2075
2066
2095
2087
2080
2133
2135
2140
2098
2106
2107
2122
2122
2147
2155
2135
2128
2163
2165
2183
2160
2191
2195
2204
2205
2210
2212
2229
2230
2231
2232
2222
2237
2259
2222
2232
2228
2296
2297
2291
2292
2293
2294
2268
2290
2283
2265
2260
2327
2321
2323
2346
2293
2294
2308
2323
2379
2380
2347
2349
2346
2377
2353
2341
2406
2389
2391
2382
2386
2397
2388
2412
2418
2412
2448
2449
2450
2453
2455
2444
2429
2447
2426
2433
2479
2480
2474
2489
2456
2505
2506
2509
2526
2549
2550
2551
2564
2542
2552
2535
2560
2568
2595
2575
2589
2587
2586
2577
2608
2605
2619
2639
2646
2635
2627
2672
2673
2700
2701
2665
2666
2685
2686
2678
2662
2663
2676
2733
2727
2718
2712
2703
2753
2754
2755
2763
2733
2771
2752
2784
2785
2786
2787
2795
2796
2791
2775
2776
2782
2804
2805
2823
2799
2810
2823
2824
2836
2840
2851
2845
2848
2842
2862
2864
2876
2877
2874
2859
2865
2860
2867
2916
2907
2895
2898
2900
2914
2911
2885
2924
2925
2936
2937
2916
2917
2939
2929
2927
2933
2918
2975
2956
2945
2933
2996
2997
2974
2975
2957
2990
2956
2967
2998
3031
3015
3006
3020
3021
3008
3012
3045
3041
3071
3053
3052
3045
3041
3042
3063
3059
3064
3099
3101
3102
3086
3094
3078
3110
3075
3082
3112
3127
3124
3139
3140
3120
3142
3136
3122
3113
3116
3193
3194
3204
3171
3146
3158
3159
3175
3181
3180
3191
3181
3223
3212
3207
3228
3258
3248
3236
3262
3249
3254
3230
3264
3265
3273
3274
3287
3282
3276
3271
3288
3289
3300
3316
3312
3282
3298
3299
3290
3311
3295
3331
3332
3354
3355
3325
3323
3353
3343
3328
3320
3349
3381
3382
3401
3402
3403
3364
3365
3377
3378
3379
3371
3360
3391
3367
3404
3405
3454
3455
3439
3447
3448
3455
3458
3454
3461
3449
3446
3485
3487
3496
3500
3478
3473
3507
3481
3484
3476
3530
3531
3514
3520
3525
3548
3535
3507
3542
3571
3572
3573
3570
3582
3560
3561
3553
3550
3564
3565
3581
3565
3581
3586
3598
3613
3619
3620
3611
3609
3616
3625
3636
3637
3662
3631
3633
3656
3653
3645
3647
3684
3662
3679
3680
3656
3677
3675
3666
3690
3688
3730
3731
3717
3718
3720
3704
3696
3746
3693
3743
3760
3752
3746
3743
3765
3766
3791
3792
3780
3781
3763
3798
3778
3776
3774
3790
3832
3833
3829
3834
3805
3833
3834
3839
3840
3852
3873
3842
3843
3846
3847
3860
3837
3868
3886
3887
3888
3904
3906
3902
3899
3900
3884
3878
3883
3896
3894
3917
3918
3919
3915
3916
3908
3930
3920
3922
3939
3910
3933
3965
3942
3922
3965
3966
3952
3978
3979
3970
3971
3972
3975
3947
3969
3984
3985
4015
3982
4012
4018
3990
4012
4018
4030
4040
4059
4056
4042
4062
4046
4047
4050
4053
4063
4097
4101
4080
4068
4069
4070
4113
4095
4097
4112
4113
4120
4101
4133
4109
4115
4141
4134
4171
4172
4188
4179
4180
4177
4160
4143
4192
4209
4210
4202
4217
4192
4190
4200
4196
4205
4213
4232
4233
4224
4226
4227
4228
4252
4245
4246
4247
4247
4240
4232
4260
4236
4257
4269
4297
4298
4292
4278
4283
4284
4274
4294
4287
4304
4305
4299
4300
4317
4319
4301
4314
4312
4307
4320
4311
4344
4345
4347
4351
4352
4341
4343
4335
4331
4332
4325
4326
4329
4351
4352
4353
4354
4372
4380
4359
4368
4377
4375
4391
4393
4403
4394
4390
4408
4410
4400
4398
4431
4432
4417
4419
4434
4437
4412
4428
4416
4443
4465
4475
4471
4473
4466
4467
4488
4456
4446
4447
4450
4479
4502
4505
4506
4539
4521
4522
4513
4493
4497
4536
4548
4550
4557
4558
4562
4564
4551
4553
4554
4575
4571
4572
4557
4567
4558
4569
4564
4598
4599
4600
4584
4590
4592
4613
4595
4597
4604
4594
4601
4589
4632
4634
4630
4631
4626
4614
4617
4622
4635
4673
4655
4656
4668
4669
4660
4662
4670
4663
4663
4660
4653
4655
4668
4704
4705
4681
4689
4682
4703
4677
4687
4695
4732
4734
4715
4717
4726
4722
4726
4722
4719
4717
4729
4744
4745
4751
4742
4737
4768
4753
4740
4762
4757
4814
4815
4782
4784
4804
4779
4806
4784
4787
4820
4782
4844
4856
4852
4853
4835
4837
4827
4832
4825
4839
4899
4901
4891
4892
4871
4866
4870
4901
4892
4891
4921
4899
4926
4913
4909
4906
4950
4951
4938
4947
4946
4931
4934
4954
4958
4971
4972
4950
4951
4965
4954
4979
5003
5004
4983
4976
4990
4992
5007
5010
4977
5000
5011
5012
5023
5019
5028
5029
5030
5032
5017
5016
5033
5073
5074
5042
5043
5057
5046
5067
5054
5050
5052
5062
5095
5096
5097
5093
5094
5099
5088
5085
5091
5076
5080
5082
5116
5118
5112
5113
5139
5109
5110
5103
5156
5139
5120
5121
5157
5158
5161
5150
5153
5142
5134
5170
5189
5190
5167
5205
5206
5183
5184
5187
5181
5198
5222
5223
5213
5218
5220
5209
5210
5229
5225
5235
5249
5250
5251
5259
5246
5236
5254
5255
5252
5269
5270
5276
5277
5279
5280
5254
5255
5264
5287
5288
5298
5289
5290
5291
5300
5293
5284
5307
5312
5353
5355
5317
5344
5349
5332
5346
5347
5339
5358
5359
5360
5366
5368
5389
5390
5364
5363
5379
5400
5366
5402
5379
5392
5371
5388
5437
5438
5445
5446
5431
5433
5413
5411
5415
5450
5475
5477
5469
5452
5459
5477
5478
5484
5486
5498
5481
5475
5496
5473
5508
5509
5543
5546
5540
5541
5529
5530
5516
5554
5555
5535
5551
5553
5530
5546
5529
5540
5562
5563
5577
5578
5559
5560
5567
5587
5589
5590
5581
5573
5575
5595
5596
5597
5618
5619
5612
5614
5610
5611
5599
5615
5604
5593
5601
5641
5642
5638
5639
5642
5643
5639
5641
5662
5663
5674
5667
5669
5647
5648
5646
5650
5688
5700
5701
5705
5707
5699
5723
5719
5705
5694
5751
5753
5749
5750
5760
5744
5745
5735
5754
5731
5761
5763
5781
5782
5788
5775
5776
5771
5777
5779
5790
5764
5774
5793
5794
5802
5823
5824
5813
5809
5800
5827
5829
5848
5850
5851
5834
5827
5843
5863
5885
5886
5850
5851
5866
5878
5879
5884
5853
5890
5906
5907
5899
5900
5905
5909
5893
5916
5918
5895
5903
5913
5921
5922
5926
5930
5951
5953
5954
5936
5938
5947
5995
5996
5962
5955
5988
5965
6004
5996
5988
6013
6017
5995
6000
6010
6001
6022
6039
6049
6037
6070
6071
6059
6034
6036
6026
6025
6075
6076
6080
6082
6074
6101
6085
6078
6079
6105
6096
6140
6141
6114
6133
6106
6146
6124
6151
6122
6126
6166
6167
6161
6164
6165
6171
6172
6175
6176
6169
6184
6182
6193
6194
6215
6195
6235
6226
6193
6211
6224
6208
6206
6258
6259
6266
6267
6239
6241
6268
6270
6277
6278
6242
6243
6255
6238
6249
6268
6293
6270
6277
6288
6278
6309
6307
6301
6317
6321
6314
6331
6312
6340
6366
6367
6354
6355
6356
6357
6332
6349
6372
6342
6352
6419
6392
6393
6400
6402
6403
6404
6380
6389
6416
6385
6431
6432
6426
6430
6431
6426
6436
6449
6439
6442
6432
6457
6478
6487
6488
6483
6484
6497
6490
6480
6516
6517
6520
6521
6509
6500
6502
6533
6534
6512
6506
6561
6563
6548
6550
6560
6542
6543
6579
6581
6591
6573
6609
6605
6591
6609
6635
6629
6631
6625
6626
6633
6648
6656
6668
6669
6677
6682
6692
6693
6694
6697
6717
6719
6712
6689
6709
6705
6756
6766
6739
6740
6750
6751
6722
6732
6748
6763
6792
6814
6812
6811
6802
6812
6802
6865
6837
6860
6878
6871
6868
6851
6911
6891
6884
6941
6935
6933
6919
6921
6936
6974
6957
6957
6978
6993
6974
6995
6998
6985
7017
7018
7021
7005
7024
7044
7054
7037
7038
7032
7045
7080
7076
7080
7098
7072
7094
7121
7129
7104
7107
7183
7184
7154
7159
7160
7161
7180
7182
7179
7186
7187
7189
7211
7194
7208
7220
7248
7251
7269
7285
7286
7262
7280
7282
7279
7273
7272
7299
7300
7320
7291
7292
7320
7322
7341
7342
7343
7339
7330
7361
7357
7378
2830
7382
7372
7393
7392
7408
7423
7430
7451
7454
7477
7512
7511
7514
7539
7613
7617
7633
7640
7625
7641
7644
7652
7669
7660
7662
7664
7676
7674
7702
7705
7702
7708
7686
4022
37
46
41
52
57
73
74
88
63
64
90
91
83
78
105
144
145
156
175
132
182
202
209
203
216
229
217
219
239
232
234
236
220
275
254
254
260
259
292
285
302
284
307
318
320
331
336
329
355
357
381
390
395
383
403
455
464
437
445
514
515
496
493
506
509
520
544
545
554
528
529
548
537
585
576
567
568
579
571
600
602
597
604
606
589
645
646
636
637
639
668
648
653
673
657
684
678
679
673
666
660
681
686
688
727
701
706
707
744
745
739
733
771
769
749
757
780
811
775
807
787
842
832
833
815
816
847
820
817
841
870
872
855
873
850
866
911
902
899
881
944
945
936
937
921
946
948
940
933
917
950
932
975
953
955
961
963
986
989
975
971
977
982
984
996
1003
1004
1039
1019
1020
1006
1011
1016
1050
1063
1058
1059
1057
1047
1048
1074
1076
1086
1087
1095
1096
1079
1112
1080
1137
1129
1127
1128
1125
1123
1133
1157
1158
1150
1143
1154
1152
1162
1147
1159
1164
1177
1195
1169
1170
1191
1174
1185
1189
1224
1225
1248
1242
1218
1253
1237
1252
1299
1300
1301
1287
1288
1289
1274
1278
1267
1256
1337
1338
1321
1314
1305
1324
1335
1358
1360
1361
1377
1397
1396
1403
1404
1385
1407
1390
1410
1447
1417
1434
1420
1489
1490
1456
1447
1434
1468
1469
1445
1484
1524
1494
1503
1527
1522
1509
1542
1529
1530
1549
1547
1567
1568
1549
1542
1547
1579
1580
1591
1584
1575
1595
1571
1636
1637
1614
1615
1634
1612
1620
1618
1637
1657
1634
1652
1648
1709
1690
1688
1674
1675
1698
1694
1727
1728
1739
1731
1721
1723
1758
1759
1766
1767
1763
1749
1750
1747
1832
1782
1811
1833
1850
1838
1860
1882
1861
1847
1921
1888
1891
1913
1921
1907
1967
1948
1940
1963
1983
1942
1960
2000
2017
2019
2002
1996
2050
2051
2044
2045
2065
2048
2051
2065
2048
2049
2081
2108
2109
2101
2092
2093
2103
2088
2096
2118
2119
2125
2131
2129
2123
2124
2115
2171
2161
2167
2168
2175
2151
2146
2189
2217
2214
2213
2177
2184
2261
2262
2264
2277
2238
2252
2278
2277
2281
2282
2286
2261
2332
2310
2316
2318
2304
2305
2322
2336
2306
2299
2337
2338
2345
2354
2357
2351
2348
2375
2398
2400
2371
2384
2387
2394
2372
2390
2430
2408
2409
2437
2421
2434
2404
2438
2430
2475
2477
2478
2466
2469
2473
2484
2454
2460
2461
2458
2497
2513
2514
2502
2503
2492
2511
2501
2515
2519
2511
2532
2503
2508
2554
2555
2556
2536
2546
2567
2593
2594
2597
2580
2623
2624
2606
2617
2624
2625
2623
2636
2630
2640
2628
2634
2618
2647
2664
2659
2670
2645
2713
2679
2688
2699
2682
2704
2707
2713
2694
2716
2724
2725
2737
2736
2765
2730
2743
2815
2816
2769
2770
2789
2806
2792
2811
2774
2847
2843
2844
2832
2833
2838
2820
2849
2828
2841
2854
2855
2856
2886
2880
2873
2875
2866
2853
2871
2873
2902
2890
2892
2886
2909
2904
2896
2912
2897
2943
2931
2932
2926
2949
2938
2915
2935
2941
2946
2964
2946
2987
2989
2978
2983
2965
2991
2969
2979
3019
3030
3034
2993
2994
3003
3022
3016
3017
3001
3034
3039
3061
3030
3065
3095
3096
3074
3067
3073
3069
3083
3079
3106
3107
3134
3135
3108
3109
3128
3129
3130
3115
3103
3114
3148
3150
3145
3162
3160
3141
3155
3174
3151
3164
3202
3203
3214
3187
3183
3214
3216
3202
3222
3205
3217
3203
3241
3234
3235
3244
3245
3251
3229
3256
3224
3283
3284
3286
3275
3260
3269
3294
3292
3266
3305
3306
3307
3326
3327
3334
3335
3336
3324
3296
3330
3314
3309
3333
3372
3362
3330
3342
3344
3385
3387
3394
3389
3372
3374
3375
3370
3384
3390
3396
3407
3408
3412
3413
3416
3417
3431
3432
3409
3410
3414
3423
3472
3474
3475
3482
3483
3451
3469
3480
3463
3453
3457
3509
3510
3494
3488
3499
3483
3516
3517
3518
3510
3511
3503
3505
3509
3524
3537
3523
3512
3502
3544
3545
3554
3555
3567
3547
3563
3556
3541
3566
3539
3591
3575
3576
3585
3587
3578
3579
3569
3589
3580
3574
3597
3587
3623
3602
3597
3599
3614
3612
3638
3639
3643
3644
3654
3655
3664
3640
3641
3661
3648
3689
3691
3667
3673
3695
3687
3671
3676
3685
3710
3711
3708
3709
3715
3716
3721
3722
3723
3725
3705
3706
3700
3706
3708
3711
3721
3728
3756
3758
3736
3737
3748
3749
3739
3762
3761
3745
3747
3800
3801
3770
3771
3771
3796
3797
3782
3783
3789
3784
3814
3815
3801
3822
3823
3811
3806
3808
3819
3804
3817
3859
3861
3838
3836
3858
3826
3850
3827
3856
3851
3891
3892
3875
3877
3889
3890
3867
3862
3893
3872
3901
3881
3882
3889
3923
3924
3926
3945
3913
3941
3943
3935
3931
3938
3974
3954
3956
3981
3980
3964
3993
3989
4010
4013
4014
3993
3995
3988
3989
3999
4005
4019
3998
4023
4024
4036
4041
4025
4026
4044
4031
4032
4029
4048
4033
4071
4072
4052
4054
4081
4082
4060
4061
4051
4065
4066
4085
4078
4073
4121
4122
4117
4123
4102
4103
4126
4128
4124
4125
4117
4119
4099
4107
4088
4151
4152
4145
4153
4154
4156
4147
4161
4135
4164
4168
4176
4170
4173
4184
4187
4182
4220
4199
4201
4211
4203
4198
4234
4238
4216
4250
4251
4258
4259
4266
4243
4249
4253
4262
4239
4264
4277
4285
4286
4275
4273
4308
4288
4289
4282
4293
4310
4293
4310
4363
4364
4366
4339
4340
4333
4334
4327
4362
4336
4360
4378
4379
4395
4402
4404
4383
4399
4386
4387
4405
4433
4426
4427
4413
4414
4409
4430
4418
4444
4424
4449
4453
4455
4476
4462
4470
4459
4444
4449
4494
4495
4496
4476
4507
4498
4490
4491
4482
4499
4480
4492
4526
4527
4538
4534
4510
4517
4518
4516
4541
4582
4583
4585
4586
4587
4559
4555
4556
4547
4573
4566
4568
4615
4616
4628
4629
4627
4615
4616
4649
4651
4623
4633
4619
4652
4644
4636
4671
4672
4692
4694
4690
4691
4667
4679
4680
4661
4690
4691
4692
4706
4708
4712
4701
4694
4696
4688
4710
4721
4746
4733
4741
4739
4743
4720
4775
4776
4777
4764
4765
4754
4755
4750
4778
4756
4758
4773
4759
4760
4771
4780
4781
4799
4800
4801
4788
4789
4773
4797
4828
4812
4813
4816
4817
4807
4808
4840
4801
4833
4838
4865
4867
4857
4858
4859
4860
4862
4882
4883
4858
4859
4860
4867
4878
4857
4862
4869
4922
4924
4896
4904
4905
4907
4908
4902
4903
4912
4924
4955
4956
4942
4943
4929
4919
4914
4948
4912
4994
4995
4984
4985
4959
5001
4991
4980
4982
4961
4997
5001
4991
5005
4994
4989
5009
5024
5026
5040
5048
5049
5038
5045
5031
5051
5035
5034
5086
5087
5051
5064
5063
5087
5105
5101
5098
5077
5078
5086
5075
5111
5119
5125
5126
5114
5131
5132
5124
5115
5140
5141
5162
5163
5151
5152
5165
5146
5132
5135
5131
5159
5174
5176
5193
5194
5208
5191
5172
5173
5186
5202
5241
5242
5214
5230
5231
5217
5248
5237
5245
5253
5224
5265
5283
5266
5299
5294
5260
5261
5262
5310
5304
5319
5320
5321
5327
5331
5303
5329
5324
5350
5351
5352
5334
5335
5348
5343
5345
5365
5345
5372
5374
5365
5370
5376
5407
5399
5393
5394
5416
5417
5412
5396
5385
5405
5397
5443
5434
5435
5436
5428
5429
5421
5422
5426
5453
5455
5424
5440
5463
5464
5485
5487
5458
5479
5472
5480
5483
5476
5476
5518
5519
5520
5534
5504
5506
5536
5537
5531
5528
5514
5510
5572
5574
5565
5566
5550
5568
5552
5545
5579
5580
5591
5592
5571
5572
5602
5594
5583
5576
5585
5574
5655
5656
5657
5628
5629
5620
5621
5635
5637
5652
5655
5644
5620
5621
5680
5681
5666
5668
5661
5690
5691
5664
5677
5670
5676
5686
5712
5711
5704
5706
5708
5702
5703
5715
5691
5718
5732
5733
5734
5748
5743
5752
5757
5726
5746
5728
5729
5768
5769
5759
5762
5766
5785
5784
5789
5810
5812
5839
5835
5836
5837
5804
5814
5817
5806
5818
5833
5854
5855
5859
5860
5844
5864
5847
5858
5861
5852
5842
5891
5892
5882
5883
5874
5876
5870
5896
5894
5901
5872
5888
5927
5928
5908
5919
5917
5929
5931
5911
5924
5934
5914
5949
5950
5968
5969
5942
5976
5974
5970
5945
5952
5985
5986
5987
5978
5999
5981
5982
5989
5991
6002
6003
6009
5994
6020
6038
6014
6014
6015
6009
6011
6029
6030
6033
6041
6062
6050
6051
6063
6065
6055
6056
6057
6058
6054
6068
6067
6072
6047
6108
6109
6110
6086
6087
6090
6091
6092
6095
6099
6107
6103
6097
6116
6117
6118
6155
6156
6111
6112
6131
6132
6147
6137
6139
6121
6123
6127
6198
6199
6179
6180
6177
6162
6185
6174
6159
6187
6209
6210
6187
6188
6207
6201
6231
6232
6233
6216
6217
6229
6230
6213
6219
6220
6234
6237
6227
6225
6251
6240
6262
6237
6271
6294
6295
6272
6274
6296
6297
6284
6287
6279
6280
6289
6300
6302
6303
6304
6323
6324
6311
6300
6325
6316
6308
6347
6330
6344
6345
6363
6364
6327
6329
6343
6339
6361
6335
6396
6397
6370
6371
6399
6382
6369
6401
6375
6376
6444
6446
6447
6448
6452
6424
6408
6409
6410
6405
6415
6475
6467
6448
6452
6472
6464
6454
6481
6526
6522
6523
6498
6514
6557
6559
6566
6567
6552
6541
6538
6569
6588
6589
6590
6587
6577
6584
6585
6572
6598
6595
6639
6641
6621
6600
6624
6637
6684
6686
6652
6654
6657
6667
6676
6680
6726
6720
6695
6728
6723
6706
6715
6733
6736
6769
6768
6734
6744
6796
6784
6786
6800
6791
6801
6835
6844
6825
6830
6831
6862
6863
6864
6914
6907
6909
6905
6906
6888
6917
6918
6918
6917
6947
6949
6939
6945
6952
6938
7013
6996
6997
6999
6990
7026
7033
7052
7019
7039
7091
7095
7074
7116
7109
7115
7142
7143
7149
7141
7137
7167
7172
7173
7181
7197
7188
7227
7224
7225
7210
7222
7225
7227
7249
7250
7257
7258
7243
7246
7230
7265
7263
7278
7287
7274
7266
7259
7303
7293
7294
7307
7297
7316
7295
7321
7353
7338
7340
7349
7345
7364
7367
7354
7383
7398
4454
7422
7438
7429
7460
7522
7513
7515
7546
7537
7542
7571
7599
7604
7622
7630
7638
7632
7663
7659
7670
7671
7688
7675
7677
7687
7692
7706
7701
7704





















45,腾讯
1,红杉资本中国
4,真格基金
2,IDG资本
7,经纬中国
588,Sequoia Capital（红杉海外）
65,顺为资本
22,险峰长青
48,阿里巴巴
278,Accel Partners
20,GGV纪源资本
10,启明创投
1333,丹华资本
368,Y Combinator
9,君联资本
258,高瓴资本
12,晨兴资本
76,SIG海纳亚洲
233,高榕资本
846,梅花创投
72,达晨创投
11,金沙江创投
146,NEA恩颐投资
244,Google Ventures
6,北极光创投
28,深创投
6640,百度风投
432,Andreessen Horowitz(简称A16Z)
393,Goldman Sachs高盛(国外)
287,Lightspeed Venture Partners美国光速
6797,节点资本
441,SoftBank capital软银海外
181,英诺天使基金
7170,NGC
68,华创资本
1852,蚂蚁金服(阿里巴巴)
6875,了得资本
7221,火币全球生态基金
172,Temasek淡马锡
148,软银中国
1345,源码资本
1495,元璟资本
71,赛富基金
1398,洪泰基金
3358,前海母基金
379,Index Ventures
848,普华资本
61,松禾资本
1835,峰瑞资本
197,明势资本
224,京东
3,创新工场
1736,分布式资本
39,策源创投
13,DCM中国
5053,创世资本
167,招商局资本
265,启赋资本
8,蓝驰创投
19,九合创投
442,Spark Capital
126,东方富海
120,云锋基金
6479,火山石资本
6702,不惑创投
6081,国家中小企业发展基金（国中创投）
31,鼎晖投资
133,联想之星
165,凯辉基金
1359,云启资本
296,Khosla Ventures
237,钟鼎创投
2592,凯泰资本
6539,翊翎资本
290,Bessemer Venture Partners
541,Tiger Global Management(老虎国外)
843,华盖资本
6854,FBG Capital
7198,F-Prime Capital Partners
1332,线性资本
33,青松基金
23,光速中国
27,贝塔斯曼亚洲投资基金
6819,科银资本Collinstar Capital
7092,JRR Crypto
2465,通和毓承
2691,SBI投资(思佰益)
150,斯道资本(富达亚洲)
1929,中科创星
6687,硬币资本INBlockchain
36,祥峰投资
47,德同资本
54,华映资本
49,百度公司
95,500 Startups
107,英特尔投资Intel Capital
3376,泛城资本
6893,比特大陆
330, Insight Venture Partners
456,Founders Fund
34,戈壁创投
332,True Ventures
470,General Catalyst Partners
1455,GIC新加坡政府投资公司
1589,涌铧投资
1639,愉悦资本
134,好未来(学而思)
1022,复星集团
6855,8VC
15,Redpoint Ventures红点全球基金
82,同创伟业
559,Ridge Ventures( IDG Ventures USA)
2459,头头是道投资基金
6944,国投创业
100,天图投资
4731,昆仲资本
6807,LinkVC连接资本
195,小米科技
2272,Alexandria Venture Investments
3302,元禾原点创投
